11,18,52,62,65,
15,41,46,64,69,
2,9,26,29,46,
4,23,42,48,51,
15,17,20,45,48,
1,8,40,49,52,
12,16,28,43,69,
5,9,26,42,54,
2,6,27,45,59,
12,31,38,41,67,
1,4,27,46,54,
12,15,31,55,58,
4,25,40,42,53,
12,14,41,48,63,
13,18,35,46,48,
7,20,45,47,54,
11,15,40,46,65,
2,9,25,52,57,
1,7,28,48,52,
1,26,28,44,49,
14,22,27,41,60,
17,19,27,48,60,
13,40,47,52,66,
16,26,28,47,65,
2,27,43,52,59,
2,29,41,52,57,
13,20,23,45,66,
12,42,48,63,69,
2,5,22,26,57,
4,22,43,49,52,
15,40,49,69,70,
12,19,36,41,44,
14,17,42,65,68,
11,12,45,49,56,
17,35,37,60,70,
15,30,36,40,65,
12,41,49,57,64,
12,43,54,60,63,
13,40,49,54,63,
14,19,41,46,59,
4,20,22,47,53,
4,20,25,46,57,
17,40,51,53,70,
12,14,23,49,67,
12,18,33,44,49,
11,19,38,42,60,
11,13,32,38,40,
11,43,52,62,65,
12,17,25,28,60,
12,14,40,43,61,
5,20,28,41,59,
14,18,27,45,70,
15,28,41,44,60,
16,19,40,46,65,
12,15,41,63,66,
5,26,44,46,51,
14,43,48,57,69,
2,24,26,41,47,
7,20,24,41,46,
13,18,43,51,64,
5,20,24,43,53,
4,7,28,41,48,
14,16,28,47,49,
13,36,44,47,51,
12,32,39,47,68,
4,7,20,29,41,
14,16,33,39,46,
13,39,54,55,60,
12,41,45,54,62,
1,8,27,46,49,
13,34,46,49,53,
15,36,55,64,69,
14,26,41,49,61,
8,26,41,47,51,
12,18,33,42,67,
7,20,41,46,54,
12,39,41,62,67,
11,20,49,60,63,
13,31,38,63,68,
7,9,25,40,52,
14,19,26,43,61,
13,42,46,59,62,
10,13,35,45,68,
2,5,24,47,53,
14,22,45,63,65,
16,42,49,62,69,
2,7,20,25,47,
15,41,44,51,52,
14,18,44,47,65,
5,26,42,46,59,
12,28,41,65,67,
2,8,23,49,52,
7,25,28,41,46,
13,43,45,62,64,
15,18,30,39,63,
17,31,42,49,64,
14,15,40,49,59,
12,30,35,41,60,
2,24,42,53,57,
1,22,28,42,47,
15,34,36,46,65,
13,40,48,51,62,
2,24,27,47,57,
13,36,40,45,66,
12,18,30,37,69,
11,13,46,60,65,
16,43,46,53,60,
14,37,42,47,66,
14,43,45,57,64,
17,42,49,60,70,
12,18,31,48,65,
6,20,28,51,59,
4,9,23,48,52,
6,27,44,46,53,
12,17,25,42,65,
15,18,45,62,68,
12,33,35,47,64,
13,16,26,41,49,
11,13,20,42,62,
1,25,40,42,53,
1,7,22,28,41,
12,14,41,57,67,
15,18,32,43,64,
5,21,47,52,54,
14,40,43,67,69,
3,5,20,26,41,
15,40,48,62,65,
14,19,38,61,65,
12,19,21,44,49,
7,9,42,48,52,
12,33,45,62,70,
17,27,42,60,64,
15,27,44,47,60,
17,19,46,48,51,
14,19,43,46,70,
6,27,44,49,57,
7,9,26,40,48,
13,18,40,65,68,
8,42,47,51,57,
13,24,27,45,62,
15,19,46,65,68,
15,18,41,49,64,
6,22,47,49,51,
12,39,48,49,63,
15,31,40,63,68,
4,22,40,49,51,
1,7,24,28,46,
17,42,49,65,68,
14,17,24,27,49,
17,30,36,42,49,
4,20,23,44,57,
4,6,27,48,51,
13,17,38,45,66,
2,20,25,43,53,
16,18,47,49,69,
12,19,30,38,49,
17,20,28,44,49,
12,17,40,51,61,
16,19,32,39,62,
15,24,28,43,69,
13,15,40,47,64,
5,28,44,52,57,
13,17,24,49,60,
13,16,27,46,60,
12,15,26,47,70,
12,31,33,60,64,
12,28,44,47,65,
7,28,46,53,59,
4,21,24,43,45,
4,7,23,41,54,
1,20,42,45,59,
5,22,28,40,45,
3,26,41,47,52,
14,16,47,60,63,
13,18,22,45,49,
1,5,20,42,54,
14,35,46,49,64,
13,33,37,42,68,
14,18,36,61,63,
10,13,42,53,61,
13,19,42,44,63,
8,42,46,53,57,
12,34,47,60,65,
14,28,45,47,70,
16,39,45,49,62,
14,19,32,43,66,
12,15,21,42,44,
14,26,41,48,65,
16,19,36,40,49,
13,42,57,63,66,
15,40,48,65,69,
5,24,42,46,53,
12,17,26,49,67,
8,20,26,41,57,
14,18,44,47,53,
11,17,32,38,65,
4,7,41,44,52,
14,43,47,52,54,
13,20,43,45,68,
1,7,24,45,52,
12,24,26,41,65,
16,31,36,43,47,
17,51,53,62,68,
13,36,49,62,68,
14,36,47,63,68,
6,22,45,51,53,
15,17,42,48,65,
5,22,28,40,51,
7,22,26,41,47,
11,41,52,62,65,
6,21,24,45,51,
16,32,36,63,65,
15,32,37,47,70,
11,13,40,49,62,
14,45,48,53,57,
12,17,36,41,68,
16,18,41,49,53,
2,8,23,27,40,
3,5,26,40,49,
15,39,48,56,65,
13,36,38,41,48,
15,22,28,43,49,
10,19,53,60,61,
12,33,39,48,60,
15,18,52,57,66,
14,17,42,62,67,
7,20,25,40,46,
13,16,32,47,62,
14,31,37,62,70,
14,46,52,57,61,
1,6,25,28,45,
13,17,33,42,48,
13,18,42,47,67,
17,31,42,44,62,
15,41,44,51,60,
15,40,47,53,66,
1,5,27,46,48,
1,21,27,48,52,
13,30,36,49,57,
17,31,35,42,54,
5,24,40,46,51,
16,18,43,49,69,
2,8,20,23,41,
12,35,45,59,62,
1,25,28,43,52,
13,17,39,42,64,
5,7,28,41,44,
17,32,47,49,66,
13,42,46,57,59,
2,7,25,40,53,
13,20,42,47,68,
13,36,41,46,67,
12,20,47,65,70,
12,15,47,60,70,
4,21,28,53,59,
5,26,40,44,51,
2,9,22,43,53,
4,7,28,57,59,
2,8,21,42,53,
1,4,23,44,51,
17,32,40,65,68,
14,41,46,53,64,
12,15,21,29,60,
13,18,32,44,49,
1,28,40,51,54,
1,7,24,28,43,
12,16,37,40,45,
14,16,39,55,65,
15,40,47,53,64,
14,36,43,47,67,
5,7,29,46,52,
14,25,28,43,65,
13,18,45,48,62,
13,27,44,60,62,
14,47,53,62,64,
16,19,23,42,69,
15,32,34,60,63,
13,18,45,49,54,
13,19,34,60,63,
13,30,40,49,60,
12,36,47,49,61,
2,20,29,47,53,
14,26,44,47,69,
1,4,24,53,57,
2,8,21,27,45,
8,27,46,49,52,
15,18,27,42,48,
11,15,40,60,62,
11,36,38,40,69,
4,20,22,41,53,
12,18,45,49,68,
11,14,32,43,60,
4,21,23,45,48,
1,4,29,46,52,
1,28,44,47,52,
12,31,35,57,58,
4,27,29,42,57,
8,20,23,49,53,
13,15,40,46,54,
12,32,41,63,66,
14,18,36,45,61,
14,47,52,63,68,
4,9,22,45,52,
2,7,20,43,59,
12,15,33,41,64,
12,33,44,63,69,
13,40,43,52,54,
2,9,28,44,57,
14,17,37,42,67,
8,27,40,43,53,
13,40,49,62,70,
17,20,44,60,69,
12,41,49,53,54,
15,17,38,49,68,
15,19,38,40,44,
13,18,43,54,69,
14,19,38,45,68,
14,18,39,41,44,
5,26,43,48,53,
2,27,40,44,53,
16,36,40,47,69,
5,20,24,40,43,
13,19,26,41,70,
12,18,41,44,53,
4,9,21,24,51,
16,19,33,42,65,
13,16,26,43,69,
13,28,41,49,66,
13,21,24,42,45,
4,27,42,54,57,
14,16,27,41,60,
17,41,44,51,60,
5,23,44,52,57,
13,18,31,37,68,
1,3,28,46,53,
14,31,35,48,62,
12,30,42,47,63,
5,24,28,47,51,
12,35,41,53,66,
12,17,42,54,57,
4,21,27,40,44,
13,17,27,60,64,
14,17,40,52,61,
7,21,42,48,51,
2,5,24,41,46,
2,7,21,40,54,
2,25,43,49,52,
2,8,42,47,51,
11,18,42,51,65,
13,19,40,66,69,
14,18,45,62,67,
2,8,20,41,51,
13,19,22,28,43,
14,19,28,47,70,
11,14,35,42,62,
7,29,42,46,52,
12,15,31,34,40,
17,32,38,60,67,
13,16,46,63,65,
1,4,25,27,42,
12,15,40,47,66,
12,18,41,51,64,
13,18,36,62,67,
11,17,40,51,60,
15,46,59,62,65,
8,26,43,49,52,
12,25,27,40,42,
17,19,32,41,44,
3,7,28,40,46,
4,9,24,45,57,
12,17,46,61,65,
15,37,46,49,70,
16,37,39,42,49,
12,31,36,46,61,
1,27,29,40,52,
14,19,46,49,64,
13,16,40,49,51,
14,41,51,54,62,
12,16,20,45,63,
16,18,51,60,63,
12,17,35,48,63,
1,9,28,51,54,
13,19,50,54,65,
12,30,33,41,45,
2,8,26,53,57,
13,18,24,27,42,
13,18,22,27,42,
16,18,49,60,69,
17,28,42,45,70,
12,34,37,63,65,
1,7,41,44,52,
14,40,49,63,70,
13,15,20,22,41,
4,21,24,47,51,
15,23,28,60,66,
13,18,48,60,63,
2,20,23,41,54,
14,24,41,65,69,
17,32,34,46,69,
15,30,32,47,63,
17,42,45,64,69,
8,23,26,41,52,
3,20,27,46,52,
4,27,41,51,54,
14,32,34,45,63,
2,9,20,22,53,
13,36,41,51,64,
12,19,44,57,62,
15,18,30,33,45,
12,19,41,47,64,
14,17,40,53,68,
13,47,52,62,64,
7,26,29,40,43,
3,7,28,46,51,
14,40,47,53,66,
13,16,42,46,63,
11,14,32,38,65,
14,19,40,43,54,
12,14,33,37,68,
2,24,26,47,49,
13,34,49,50,69,
2,9,27,44,52,
12,33,42,45,67,
11,14,31,37,52,
7,20,24,53,57,
5,26,46,54,57,
11,14,33,36,62,
13,47,52,57,64,
5,28,43,52,59,
15,18,33,36,61,
5,21,26,48,53,
10,34,45,49,69,
5,7,23,40,44,
15,19,49,62,66,
11,14,28,47,65,
2,24,42,45,57,
14,31,40,45,70,
4,7,20,23,44,
5,20,22,40,45,
17,46,48,52,65,
11,14,36,62,69,
6,25,42,45,53,
2,9,41,45,54,
1,8,21,42,45,
13,18,40,53,64,
17,31,48,51,60,
1,4,26,49,54,
8,26,28,47,57,
1,9,26,48,53,
2,22,43,49,53,
5,20,24,41,53,
12,19,24,46,69,
13,30,32,41,62,
1,5,29,40,42,
12,33,37,60,67,
8,20,41,49,53,
12,37,40,48,65,
3,6,21,26,49,
15,31,38,48,62,
14,16,23,42,45,
15,40,45,65,70,
13,39,51,62,70,
5,24,28,41,49,
12,14,40,61,63,
6,9,20,29,45,
14,19,46,57,66,
16,31,45,60,62,
12,15,46,59,63,
14,41,52,59,69,
3,5,27,40,46,
1,5,24,26,57,
2,4,27,43,54,
14,23,25,42,45,
14,19,48,57,63,
2,24,41,49,51,
17,19,40,45,68,
5,8,26,40,57,
11,14,31,33,62,
12,21,44,60,65,
14,17,42,61,65,
17,46,51,53,64,
12,21,42,61,65,
1,26,42,45,54,
4,20,29,41,43,
12,23,29,42,60,
12,43,47,51,70,
11,18,31,38,60,
4,24,46,49,51,
12,42,49,63,68,
14,36,45,47,68,
12,19,24,41,65,
13,36,43,45,58,
1,3,21,26,42,
15,18,48,60,69,
13,30,32,47,60,
6,26,49,51,59,
11,14,37,40,65,
13,32,37,41,66,
2,9,21,24,53,
1,22,40,51,53,
5,20,23,44,57,
4,22,41,53,57,
2,4,25,40,57,
14,45,47,63,68,
5,22,28,47,49,
2,28,43,53,59,
17,33,36,49,64,
12,19,43,54,62,
17,19,32,62,67,
14,19,22,49,62,
11,40,42,62,69,
14,16,33,62,65,
15,36,38,47,67,
17,42,46,52,59,
15,44,46,52,57,
15,18,35,41,48,
3,20,42,47,57,
12,27,40,61,69,
14,24,27,43,69,
1,26,43,48,51,
8,20,45,52,57,
17,26,44,49,60,
7,26,40,53,59,
11,40,53,62,65,
14,38,49,63,68,
12,15,38,47,64,
14,18,31,44,65,
13,16,37,43,60,
12,42,46,61,63,
14,17,40,45,68,
12,35,38,61,63,
5,20,42,57,59,
11,19,42,49,56,
4,23,45,48,57,
13,45,51,62,68,
14,19,42,63,68,
13,17,46,52,59,
2,24,26,43,47,
17,36,40,48,65,
12,17,26,29,45,
5,28,47,49,54,
14,33,39,62,64,
7,26,42,44,57,
5,26,40,52,59,
13,32,48,60,63,
2,5,21,24,46,
4,7,22,41,52,
12,17,26,60,67,
17,46,49,51,54,
1,21,26,49,54,
12,16,37,46,65,
12,16,45,47,60,
14,35,42,57,67,
5,23,27,42,48,
12,14,33,35,44,
6,20,25,43,49,
2,7,21,48,57,
1,4,26,41,44,
3,20,28,40,53,
11,21,26,45,60,
12,43,52,61,65,
12,17,35,58,65,
5,8,40,51,53,
14,28,47,49,68,
6,22,26,43,49,
14,28,45,63,68,
12,46,51,65,67,
13,36,38,44,49,
11,13,32,37,46,
2,6,29,51,53,
12,22,43,49,65,
17,42,53,57,64,
6,24,40,49,51,
8,26,45,52,57,
14,41,47,65,70,
12,46,51,57,66,
8,20,28,43,57,
7,23,27,40,54,
15,17,32,40,67,
6,24,28,49,53,
7,26,40,48,53,
10,34,35,45,49,
12,15,49,54,57,
11,14,46,53,62,
8,26,41,45,52,
13,40,51,62,68,
1,5,26,40,54,
12,32,39,41,68,
4,8,23,41,49,
7,23,28,44,51,
13,26,40,65,67,
17,32,45,49,54,
2,20,27,46,59,
12,26,29,40,69,
2,8,23,27,46,
13,16,21,28,42,
14,17,47,49,64,
6,21,45,48,53,
7,20,22,51,57,
1,24,26,47,52,
11,14,43,45,60,
1,4,23,27,48,
17,19,32,48,63,
13,36,43,62,67,
4,24,46,51,57,
14,41,46,52,67,
14,19,34,46,49,
17,19,48,60,63,
7,20,23,52,59,
13,24,49,62,69,
2,23,43,45,54,
15,32,47,53,70,
11,40,43,53,60,
14,41,42,51,59,
16,18,41,51,65,
14,25,47,60,65,
14,17,40,53,59,
3,26,40,45,57,
2,20,24,41,51,
11,40,52,57,65,
1,20,24,43,53,
14,16,26,43,69,
4,21,28,44,49,
15,17,42,47,66,
13,18,37,44,49,
12,36,39,41,68,
4,8,21,42,47,
13,32,33,48,69,
7,20,26,47,54,
13,17,46,54,69,
12,31,38,43,67,
14,35,37,49,70,
12,15,40,48,65,
4,23,26,44,47,
15,17,27,48,60,
14,17,22,27,45,
14,32,34,41,45,
1,7,24,26,49,
12,15,30,39,62,
14,26,49,61,63,
2,25,27,42,47,
13,44,46,57,60,
12,19,25,28,47,
17,24,28,42,69,
14,40,59,63,69,
1,4,23,29,52,
13,19,40,46,61,
11,14,31,36,40,
13,18,25,42,65,
1,5,26,41,44,
2,8,23,28,43,
12,17,47,65,68,
11,26,43,60,69,
13,15,39,40,54,
14,30,37,49,63,
12,18,33,49,68,
11,13,40,57,60,
15,17,41,52,70,
17,28,42,45,64,
2,7,41,48,52,
3,9,20,46,52,
14,17,24,49,60,
12,17,40,65,70,
17,40,42,61,69,
2,24,41,45,53,
11,13,32,40,62,
12,17,41,60,64,
14,41,43,66,69,
17,34,38,49,60,
12,14,20,47,67,
16,45,47,60,69,
11,13,38,60,69,
13,15,40,42,67,
15,36,52,55,67,
10,42,49,51,61,
15,44,49,56,69,
6,28,47,49,54,
15,18,30,42,65,
15,40,47,52,54,
12,14,41,64,69,
12,17,47,49,64,
11,36,46,62,65,
4,20,43,52,59,
4,7,21,24,51,
16,40,46,65,69,
13,17,46,49,64,
5,8,26,43,49,
13,22,27,40,42,
13,44,47,53,62,
10,19,35,45,68,
13,37,40,49,70,
16,20,26,47,49,
14,37,41,45,68,
4,22,28,41,47,
15,26,46,48,69,
11,31,36,40,69,
16,19,26,47,49,
8,20,46,51,57,
17,47,49,52,68,
12,16,42,47,57,
5,20,46,51,59,
1,22,28,52,57,
11,19,42,60,62,
13,40,51,62,66,
12,15,47,54,63,
12,35,40,63,67,
1,4,22,27,57,
12,19,37,43,68,
6,20,24,43,45,
1,20,27,52,54,
4,21,25,42,51,
13,31,37,40,64,
2,7,23,52,54,
5,21,27,40,44,
13,15,22,27,40,
15,30,46,62,65,
12,14,26,47,61,
11,18,42,47,60,
5,23,42,45,54,
14,44,57,63,69,
15,36,51,61,62,
2,7,26,40,59,
7,22,26,41,51,
4,8,27,51,57,
4,9,25,42,49,
6,22,27,52,57,
16,32,42,63,65,
17,19,36,63,70,
3,26,45,52,57,
1,28,48,51,57,
2,23,25,41,52,
15,19,27,40,70,
17,51,54,60,62,
16,28,43,65,69,
13,21,28,45,64,
15,18,35,46,61,
15,23,28,42,61,
4,8,42,47,57,
1,22,42,46,51,
14,23,27,42,44,
3,9,26,40,52,
13,16,33,40,42,
14,31,45,46,67,
2,4,21,29,43,
14,41,43,52,61,
12,18,51,57,70,
15,32,37,47,68,
15,37,40,49,68,
12,17,36,39,48,
12,19,30,46,69,
12,15,46,61,69,
13,43,53,62,66,
6,25,42,51,53,
5,20,25,40,46,
2,9,24,26,45,
12,15,30,33,40,
14,36,43,45,64,
17,34,39,41,60,
14,17,43,48,65,
6,21,29,42,52,
13,17,28,44,65,
6,27,29,42,49,
4,9,24,28,57,
11,42,46,60,65,
15,26,43,60,68,
12,14,31,46,67,
13,26,40,45,68,
16,32,38,43,69,
7,21,29,46,52,
13,19,43,46,66,
13,31,57,58,60,
12,14,25,46,69,
2,5,24,26,41,
12,18,29,42,69,
14,19,44,57,65,
14,31,43,60,64,
17,26,48,65,69,
14,26,45,47,68,
2,9,22,26,49,
8,23,27,46,52,
12,37,43,49,70,
12,15,40,43,70,
14,18,49,57,68,
15,36,43,62,64,
15,22,26,43,60,
11,14,46,62,65,
11,18,39,41,60,
14,41,48,52,57,
4,8,42,47,53,
11,12,37,42,49,
12,16,37,43,45,
3,5,28,42,57,
17,24,27,42,69,
7,21,24,49,52,
13,46,51,59,60,
10,19,31,53,70,
1,8,28,49,52,
12,38,45,60,67,
12,34,37,47,49,
13,18,34,49,60,
17,35,38,42,67,
4,23,42,48,57,
5,24,28,41,47,
14,37,47,60,64,
14,17,44,60,65,
13,35,40,42,64,
7,22,46,51,57,
6,8,23,27,42,
14,19,31,55,64,
7,22,43,46,52,
6,20,25,52,57,
6,29,43,49,52,
13,32,40,45,66,
15,37,39,62,68,
13,16,40,43,69,
12,17,27,60,64,
12,14,43,54,63,
13,36,47,52,59,
13,18,48,52,63,
17,32,44,49,60,
12,19,43,62,66,
14,19,32,37,44,
15,17,20,42,64,
3,20,28,47,53,
15,18,45,48,57,
17,32,43,49,66,
2,27,46,51,59,
12,21,42,48,65,
17,19,44,46,51,
12,23,42,65,70,
2,21,26,49,54,
12,37,43,60,68,
2,8,21,26,41,
15,24,27,46,65,
15,20,49,63,70,
11,18,36,43,49,
6,27,41,48,51,
2,8,20,41,53,
13,18,43,66,69,
16,41,46,52,65,
15,31,37,62,66,
12,18,25,28,49,
15,19,45,62,66,
15,17,28,45,66,
2,9,28,44,47,
15,18,51,62,70,
16,19,39,42,63,
12,28,43,65,67,
15,32,37,44,46,
13,31,36,62,64,
7,25,28,40,45,
3,21,26,43,52,
15,36,48,63,69,
11,28,40,42,69,
7,9,22,28,49,
4,20,28,41,59,
2,24,41,49,57,
12,15,35,38,68,
2,8,23,26,49,
12,19,30,42,47,
17,29,42,45,60,
2,23,28,48,53,
17,48,52,57,65,
5,21,26,49,54,
14,22,27,40,49,
11,19,32,38,62,
1,3,27,42,46,
7,9,26,43,48,
15,17,28,45,64,
2,23,27,48,52,
15,18,35,40,70,
5,9,20,29,52,
1,7,20,22,43,
16,19,35,52,55,
14,31,41,44,63,
5,26,43,52,54,
12,33,43,49,70,
1,5,24,42,52,
13,30,45,47,62,
1,7,21,42,44,
2,20,27,41,54,
2,25,40,52,57,
14,37,46,61,65,
15,20,40,45,70,
11,18,51,53,62,
12,19,40,63,67,
13,15,29,42,46,
15,18,43,51,70,
15,40,43,64,69,
16,47,49,52,62,
12,25,46,49,65,
12,19,46,57,64,
14,43,54,62,69,
5,20,26,41,48,
15,35,38,63,66,
12,15,32,34,41,
2,23,41,48,52,
12,19,46,49,61,
17,43,45,60,66,
14,35,41,46,68,
3,21,42,46,51,
15,37,46,60,70,
14,41,47,54,69,
14,18,41,45,66,
15,36,41,46,67,
5,26,40,49,59,
14,19,41,57,68,
13,18,49,52,61,
17,19,42,48,65,
6,25,28,45,53,
15,18,40,49,54,
2,20,29,43,49,
1,6,20,29,42,
2,9,27,48,52,
11,18,42,45,63,
4,23,45,52,59,
2,5,23,48,52,
12,35,47,49,54,
13,16,40,51,62,
11,41,52,60,62,
15,19,24,42,47,
14,40,45,61,63,
17,26,49,60,66,
4,23,25,41,52,
15,34,36,46,63,
8,23,27,40,53,
2,8,21,26,45,
11,37,42,60,62,
15,19,40,43,64,
17,35,42,63,70,
6,23,42,49,54,
16,31,37,46,49,
15,40,46,53,66,
7,22,26,45,47,
12,15,40,57,64,
17,42,52,63,67,
14,18,37,39,61,
16,31,41,47,60,
13,17,43,60,68,
4,21,45,52,54,
14,31,39,41,58,
2,23,27,52,59,
13,43,49,54,62,
2,7,25,40,46,
15,36,40,45,67,
14,27,46,61,65,
17,42,54,60,63,
17,31,42,60,70,
5,8,20,43,49,
5,28,41,52,59,
8,26,40,47,53,
6,25,28,45,51,
17,42,46,51,61,
12,15,40,57,70,
5,7,21,28,54,
16,19,35,38,40,
11,13,42,45,62,
7,40,47,52,54,
1,22,27,49,52,
4,7,24,26,41,
15,19,40,60,64,
2,9,26,51,59,
15,19,34,46,63,
13,31,33,46,64,
16,18,35,39,53,
4,25,28,51,57,
14,15,47,51,58,
12,18,37,49,66,
12,17,38,64,69,
5,28,41,44,57,
10,19,32,61,69,
12,17,44,49,65,
11,14,37,49,52,
14,46,53,63,68,
15,19,28,41,64,
17,32,35,58,65,
13,18,42,47,54,
2,5,24,41,47,
15,30,33,40,45,
12,18,39,63,66,
12,15,36,46,61,
13,35,41,62,66,
12,35,38,65,70,
11,15,21,28,42,
13,29,42,60,63,
2,5,20,46,59,
13,39,43,52,66,
12,15,31,40,64,
12,17,32,66,69,
4,8,27,43,47,
3,21,26,41,52,
2,8,20,45,47,
7,22,40,49,52,
2,29,43,47,52,
12,15,27,40,70,
11,19,40,49,62,
2,24,41,49,53,
13,21,28,49,70,
13,17,42,60,64,
11,19,41,60,62,
1,4,24,28,51,
13,18,44,53,62,
16,33,35,42,46,
12,19,38,63,66,
15,25,42,49,62,
15,18,28,61,65,
1,24,28,45,51,
13,14,46,49,61,
2,9,42,54,57,
17,32,48,63,69,
17,34,36,62,69,
12,31,45,46,67,
13,24,42,60,63,
13,16,28,62,69,
14,18,47,66,69,
13,17,40,60,70,
14,17,40,42,61,
12,34,43,46,69,
2,7,22,52,57,
13,18,38,60,67,
4,28,44,47,51,
8,20,47,49,53,
15,20,42,48,63,
6,23,27,44,49,
2,23,27,48,51,
14,31,40,49,64,
5,7,24,40,43,
3,7,26,28,57,
12,36,41,45,64,
11,14,40,49,57,
14,43,49,60,64,
1,7,20,24,45,
12,43,49,60,70,
13,16,31,46,63,
4,9,26,49,54,
12,14,37,61,63,
1,4,26,44,47,
13,18,45,60,70,
11,20,46,49,65,
13,20,27,43,68,
3,9,28,43,52,
4,8,21,26,57,
12,19,37,40,66,
4,25,28,42,47,
16,31,53,56,69,
2,8,27,43,46,
16,40,45,63,65,
3,28,42,53,57,
4,23,27,41,54,
2,27,41,44,52,
2,22,49,52,57,
7,20,24,42,47,
5,8,23,42,57,
5,9,26,28,44,
17,42,45,54,63,
4,7,22,41,43,
13,15,33,40,64,
14,36,41,49,64,
15,36,40,49,64,
4,9,21,42,54,
14,16,37,39,42,
4,21,29,41,52,
7,9,28,54,57,
13,17,32,38,48,
16,37,39,62,69,
16,19,37,40,45,
12,19,23,42,66,
12,16,46,57,65,
4,8,20,49,57,
14,16,40,57,69,
4,7,28,47,59,
13,29,45,60,62,
6,28,41,48,53,
1,28,41,45,54,
14,40,48,63,69,
7,9,20,24,57,
4,27,29,41,52,
13,37,42,60,70,
13,36,46,63,70,
14,15,41,44,51,
2,7,24,28,57,
4,8,20,41,57,
14,34,37,63,65,
1,7,20,22,53,
6,9,27,44,53,
13,44,47,60,63,
16,31,38,43,49,
15,40,46,65,68,
17,32,36,41,70,
2,8,20,23,53,
3,6,20,27,42,
2,5,22,46,53,
15,33,38,42,66,
1,9,20,22,52,
6,20,44,47,53,
14,19,52,55,61,
6,20,27,45,54,
13,18,45,54,63,
1,4,25,28,41,
15,26,28,46,61,
15,18,31,48,62,
12,37,39,69,70,
16,19,31,40,47,
15,39,42,46,68,
14,16,31,35,62,
11,36,49,56,69,
2,5,20,41,44,
16,28,45,63,65,
5,21,26,44,57,
12,15,23,27,48,
4,21,26,43,48,
12,15,40,43,61,
12,22,49,62,69,
6,25,28,49,53,
14,17,22,49,65,
14,33,36,60,67,
15,36,40,42,67,
1,4,24,26,53,
12,45,48,57,62,
15,26,47,49,70,
12,18,44,49,57,
15,31,34,40,63,
8,26,41,53,57,
14,18,30,63,65,
17,28,49,60,68,
2,6,25,28,45,
3,6,27,46,49,
15,20,23,42,68,
13,18,41,45,64,
11,37,42,45,52,
6,8,27,42,49,
7,23,25,42,52,
13,32,36,41,44,
2,9,42,45,54,
12,18,31,41,48,
4,9,27,46,48,
5,7,26,43,54,
14,18,47,54,65,
14,37,40,65,68,
14,19,36,43,48,
15,24,42,45,63,
2,4,27,48,57,
16,31,38,42,47,
12,17,40,51,66,
12,14,24,47,49,
2,26,29,40,53,
12,17,43,52,70,
12,25,46,49,69,
2,27,41,51,54,
13,19,24,28,62,
14,16,36,43,69,
17,19,40,42,64,
14,19,26,29,40,
14,43,54,60,63,
2,7,22,40,57,
2,24,28,43,57,
14,30,37,43,60,
13,42,47,53,66,
7,26,47,54,57,
4,22,26,41,57,
4,8,27,46,51,
16,18,36,43,49,
14,17,40,45,67,
12,38,43,49,68,
14,32,39,47,66,
13,46,49,62,68,
3,5,26,43,46,
15,17,42,46,64,
7,20,23,44,51,
5,22,28,53,57,
14,17,32,34,45,
12,14,46,61,69,
1,22,40,42,53,
13,19,33,38,48,
7,22,40,42,51,
12,14,29,40,69,
13,18,51,57,70,
12,19,43,60,64,
17,19,34,36,42,
7,9,20,28,44,
14,16,40,45,65,
13,32,37,47,70,
3,7,28,40,53,
13,18,45,48,60,
12,17,25,42,45,
14,18,36,45,67,
16,19,23,42,45,
13,18,32,65,67,
11,17,40,60,65,
12,44,45,57,69,
17,19,36,47,70,
4,21,23,48,53,
17,42,48,62,65,
4,20,47,52,59,
15,18,39,46,70,
14,17,43,48,52,
13,20,45,48,63,
12,15,22,40,49,
4,7,22,40,51,
17,38,49,60,68,
14,41,46,65,68,
13,20,47,64,69,
13,18,34,36,69,
16,41,46,65,69,
17,36,46,49,64,
12,35,44,62,65,
6,28,44,47,53,
5,9,26,40,44,
13,20,41,60,67,
15,31,46,62,68,
14,35,41,46,70,
13,38,45,48,63,
6,20,26,49,59,
12,17,43,64,69,
14,47,51,62,70,
10,11,32,45,49,
11,32,36,46,49,
14,18,33,49,67,
16,36,39,63,65,
13,15,33,44,46,
12,15,29,46,60,
14,31,43,47,68,
14,30,43,46,65,
12,24,26,47,65,
15,21,28,42,67,
16,19,45,60,62,
13,42,47,66,69,
11,40,45,53,62,
6,20,24,49,51,
2,6,25,28,43,
15,17,40,44,52,
3,7,40,47,52,
17,36,45,62,66,
15,18,31,44,60,
14,36,38,61,65,
4,27,42,57,59,
12,20,27,47,70,
16,18,43,45,65,
15,19,42,46,64,
13,18,36,39,66,
8,26,40,49,51,
15,33,42,68,69,
15,19,36,48,57,
14,30,49,60,63,
15,39,47,52,68,
12,30,33,62,65,
15,40,48,60,69,
12,20,25,46,65,
6,20,43,48,51,
2,4,20,47,59,
7,23,27,42,44,
5,27,42,54,57,
12,33,45,47,66,
11,13,42,47,62,
13,15,21,42,48,
7,21,28,40,54,
14,35,37,53,70,
12,27,41,60,64,
14,17,37,44,65,
12,25,42,47,65,
4,8,27,41,45,
2,5,22,47,53,
15,19,26,40,70,
2,7,22,45,57,
2,24,26,41,49,
12,14,41,48,69,
4,23,41,52,54,
14,19,37,46,67,
2,4,21,25,47,
13,18,39,43,64,
13,42,45,62,68,
1,3,26,28,52,
10,13,45,66,69,
14,17,39,45,68,
13,15,46,65,70,
4,20,47,54,57,
2,9,24,26,57,
12,20,25,43,69,
4,26,49,54,57,
15,31,38,47,64,
5,20,22,41,43,
6,25,28,42,53,
8,26,47,51,53,
13,19,46,65,70,
12,20,42,63,67,
12,31,43,46,64,
12,18,43,49,59,
14,45,47,62,64,
12,44,47,65,69,
1,9,24,28,53,
14,32,34,43,45,
16,38,46,49,65,
14,46,59,63,69,
13,18,40,51,54,
15,32,39,56,61,
6,24,45,52,57,
5,8,20,27,40,
13,16,40,53,62,
12,43,46,60,67,
1,5,28,49,54,
1,8,21,27,52,
14,46,51,59,62,
3,5,23,42,46,
12,17,22,45,49,
14,19,34,45,47,
11,28,47,60,65,
13,40,49,59,62,
2,7,21,47,54,
12,37,41,44,69,
15,18,47,60,68,
4,7,21,45,54,
1,24,26,49,53,
17,19,26,60,66,
13,17,35,38,68,
12,18,47,49,68,
5,23,28,40,44,
13,15,23,42,68,
12,15,41,64,69,
6,29,42,49,57,
5,20,22,47,51,
15,18,26,29,60,
13,32,44,46,69,
15,33,35,46,68,
5,20,26,57,59,
12,17,30,36,63,
15,17,33,42,66,
13,15,38,40,44,
14,18,31,39,44,
2,6,29,41,52,
4,27,42,44,57,
14,40,42,57,61,
13,15,26,44,47,
12,18,49,63,67,
4,8,20,43,57,
12,25,28,43,60,
4,24,45,47,51,
14,20,22,43,49,
1,3,26,28,42,
17,46,54,60,69,
2,23,26,42,59,
14,17,30,60,69,
1,5,26,29,42,
4,9,41,52,54,
15,25,28,40,69,
4,20,41,48,51,
14,19,24,41,45,
15,21,42,45,68,
12,43,46,61,65,
17,32,36,41,68,
12,46,49,57,66,
12,17,32,65,68,
5,24,28,46,57,
12,14,27,41,64,
12,37,42,63,67,
17,19,48,57,60,
3,21,42,49,52,
10,15,44,51,53,
12,41,49,60,67,
12,17,49,62,66,
1,22,41,49,52,
11,18,20,26,49,
14,28,45,47,64,
8,27,40,49,57,
12,19,38,49,68,
7,24,41,52,57,
7,28,45,54,57,
12,19,32,37,66,
17,19,42,44,62,
2,29,47,49,52,
14,35,51,57,66,
13,18,41,48,52,
7,9,21,26,44,
1,5,24,42,49,
16,33,49,52,53,
14,39,41,43,64,
8,20,26,43,47,
3,7,20,43,46,
8,20,42,47,51,
4,9,20,22,53,
14,17,31,53,68,
7,24,28,40,47,
5,21,26,40,54,
5,9,24,26,53,
16,20,45,49,62,
1,3,20,28,47,
17,31,48,53,60,
12,18,45,57,61,
14,30,33,47,65,
14,16,33,36,45,
17,19,28,42,68,
7,28,44,52,57,
15,24,27,41,60,
10,31,34,45,49,
2,24,40,51,57,
15,18,43,60,64,
5,20,25,40,45,
1,7,20,28,54,
7,26,44,46,57,
12,16,41,45,65,
12,27,40,49,64,
1,20,28,45,54,
15,26,48,60,63,
1,4,22,47,49,
12,15,40,43,67,
14,16,32,35,41,
15,18,31,34,40,
4,20,41,49,54,
13,43,48,52,62,
13,29,46,49,60,
6,8,23,45,53,
1,20,22,45,53,
15,18,44,60,69,
17,40,42,54,69,
14,33,42,63,67,
13,32,40,47,70,
2,7,23,48,51,
7,20,47,52,54,
4,27,41,49,54,
13,47,53,60,66,
15,18,48,51,63,
7,23,26,40,44,
15,17,40,42,67,
13,19,42,46,66,
15,18,47,60,64,
16,18,31,45,60,
14,45,46,51,67,
12,14,27,41,67,
16,18,39,45,60,
3,6,26,28,49,
12,41,52,57,66,
16,32,37,41,49,
4,7,23,29,52,
12,19,34,38,41,
7,20,24,49,57,
12,16,43,62,69,
14,19,40,47,61,
12,17,20,42,67,
3,9,20,42,46,
13,18,22,27,60,
14,21,42,45,64,
4,22,27,40,43,
5,7,20,25,46,
14,33,39,63,70,
16,27,40,45,69,
15,40,45,53,68,
11,14,39,57,60,
14,16,20,23,49,
1,24,28,45,52,
14,43,45,62,66,
4,9,23,42,44,
7,40,44,51,53,
13,40,46,52,61,
13,32,38,41,70,
17,20,42,49,70,
12,19,40,43,59,
6,20,24,45,49,
11,18,47,53,60,
11,14,33,60,62,
15,36,42,57,67,
13,18,44,47,51,
13,18,45,63,68,
5,24,27,40,45,
16,33,35,60,62,
8,20,28,41,57,
14,47,51,54,63,
2,21,42,49,54,
13,15,42,47,66,
12,46,57,66,69,
14,16,39,62,69,
6,27,29,46,53,
3,6,20,43,51,
14,36,39,44,47,
13,18,47,52,64,
1,22,28,43,53,
13,19,41,46,64,
14,18,51,65,67,
14,40,46,67,69,
15,17,36,41,44,
13,38,46,65,67,
6,28,44,47,51,
14,39,47,62,67,
1,8,40,45,51,
17,46,49,60,67,
1,6,22,27,42,
12,39,43,63,66,
14,19,27,48,63,
17,42,47,52,66,
2,4,21,25,49,
12,23,42,48,65,
4,21,26,48,53,
15,17,51,62,64,
11,14,43,45,62,
13,18,48,57,60,
14,35,37,59,60,
2,21,26,45,59,
14,20,47,49,70,
8,23,28,41,51,
7,20,23,40,44,
16,40,49,60,65,
14,37,43,66,69,
4,23,29,47,52,
11,13,38,42,60,
15,40,51,62,64,
4,8,40,49,57,
17,40,51,60,70,
2,6,21,48,51,
17,19,34,40,42,
12,31,33,43,70,
17,47,49,60,70,
11,15,36,42,46,
3,26,28,41,51,
1,7,22,26,51,
12,16,20,41,65,
14,32,37,40,67,
14,41,54,57,69,
12,33,41,44,60,
4,25,28,47,53,
14,16,32,37,41,
13,37,42,46,66,
12,46,57,59,65,
15,18,34,38,69,
12,38,39,61,69,
11,14,20,23,42,
17,46,48,51,65,
13,28,44,47,60,
13,34,36,62,69,
5,7,26,47,54,
17,19,40,45,66,
11,12,32,43,69,
15,32,39,50,59,
2,6,20,25,47,
1,3,20,27,42,
11,14,37,62,65,
14,15,40,49,61,
5,7,22,40,43,
15,32,43,54,65,
2,23,29,49,52,
11,28,40,49,65,
13,15,22,46,69,
15,31,46,60,70,
2,25,43,46,53,
14,17,24,28,45,
14,26,42,61,63,
15,17,20,24,45,
12,46,52,59,63,
2,20,29,41,51,
4,7,22,41,46,
14,18,20,25,49,
12,26,28,43,61,
1,24,28,42,51,
15,18,20,45,66,
6,28,43,45,54,
4,25,28,52,57,
15,27,42,47,64,
6,28,49,52,59,
2,20,41,43,54,
12,18,35,60,67,
1,7,27,48,52,
5,22,27,42,46,
7,9,42,44,53,
3,7,28,46,57,
2,20,47,51,59,
4,27,47,52,59,
11,19,23,26,60,
13,30,32,43,47,
14,16,20,49,63,
7,22,26,43,47,
4,28,47,49,59,
11,14,35,49,56,
15,20,23,49,64,
13,46,53,62,67,
1,23,26,48,53,
8,26,45,47,52,
2,7,22,41,51,
14,19,23,27,44,
14,40,45,57,70,
17,46,51,53,68,
17,19,32,49,54,
15,17,34,42,45,
2,23,28,41,44,
5,9,20,45,48,
1,24,42,49,53,
5,8,27,40,52,
15,18,30,40,45,
11,14,37,51,52,
14,47,57,60,70,
17,20,27,60,64,
1,4,27,44,49,
5,28,47,51,54,
16,18,33,60,69,
4,6,29,51,57,
15,35,40,64,69,
15,36,38,45,70,
1,22,42,47,52,
13,36,39,43,54,
13,17,44,46,69,
12,46,59,62,69,
12,35,43,45,70,
1,20,24,42,45,
11,36,40,49,65,
11,40,47,60,69,
14,17,43,49,54,
12,41,52,57,64,
1,9,28,44,52,
11,21,42,49,60,
12,45,46,61,69,
15,18,41,52,67,
12,18,44,53,63,
12,14,39,47,66,
14,44,49,63,65,
14,43,51,54,63,
1,24,27,43,52,
12,18,36,67,69,
12,14,47,57,64,
15,32,41,43,66,
13,37,53,60,64,
14,33,44,46,69,
14,16,40,49,65,
14,20,29,60,63,
11,32,37,40,49,
2,7,40,54,57,
15,17,40,42,66,
14,17,34,46,65,
11,17,49,52,62,
2,4,24,45,47,
13,36,39,62,66,
13,16,32,46,49,
17,32,44,49,62,
14,41,43,60,70,
13,43,52,59,62,
15,46,48,57,60,
4,9,25,41,52,
17,20,27,49,68,
12,14,41,47,64,
15,36,38,49,68,
17,30,36,45,62,
13,24,27,43,60,
8,26,45,47,53,
12,17,35,38,48,
12,19,30,43,53,
3,7,26,52,57,
14,16,31,62,65,
12,30,35,46,69,
13,42,47,60,68,
12,19,30,41,60,
4,26,41,45,59,
12,18,51,57,61,
8,20,42,49,57,
14,31,34,46,69,
4,22,27,46,51,
5,20,29,46,53,
13,18,34,45,60,
14,25,28,62,65,
7,26,44,49,57,
2,9,26,44,47,
14,17,30,63,69,
15,33,44,60,62,
6,9,20,22,51,
16,19,21,28,49,
2,4,29,46,51,
17,19,49,60,64,
13,22,43,60,65,
16,45,47,52,57,
1,26,42,48,51,
15,18,52,57,67,
12,43,47,60,66,
17,32,41,48,65,
5,22,47,49,52,
12,14,43,45,68,
12,42,47,54,63,
11,15,26,46,69,
2,24,26,43,45,
11,14,45,57,62,
14,41,44,57,69,
14,36,39,48,63,
12,21,26,48,65,
13,15,33,40,44,
1,5,23,44,52,
5,24,26,45,47,
15,38,44,49,62,
1,28,45,48,53,
12,18,34,41,45,
5,9,22,28,43,
12,41,43,60,64,
3,20,46,52,57,
11,18,37,39,42,
17,26,49,66,69,
17,35,46,49,68,
12,30,32,47,69,
14,18,35,44,49,
7,9,28,44,49,
13,43,47,60,70,
4,25,43,52,57,
15,33,36,45,70,
13,19,40,45,68,
14,17,28,45,61,
2,23,47,52,54,
5,22,28,47,52,
13,18,32,34,43,
2,5,23,47,54,
4,23,25,46,53,
14,46,49,63,70,
12,16,37,63,65,
14,43,48,51,62,
14,16,43,53,57,
14,16,43,51,69,
5,7,20,22,43,
12,46,51,57,64,
5,22,26,43,46,
2,9,28,42,59,
11,38,42,46,65,
2,23,27,42,54,
14,37,51,58,69,
4,28,41,48,51,
12,18,30,35,45,
15,17,42,44,62,
15,44,47,52,62,
14,30,45,49,62,
2,27,41,45,54,
12,31,39,46,48,
5,22,27,40,51,
3,9,27,40,42,
2,7,22,43,46,
15,33,36,42,68,
17,36,38,49,70,
15,31,40,69,70,
4,20,22,47,57,
4,23,41,48,52,
7,26,42,47,54,
12,15,44,53,55,
4,7,21,27,44,
15,28,43,49,68,
16,21,26,49,65,
12,16,40,53,63,
14,34,36,41,63,
7,28,46,51,54,
13,16,33,45,52,
2,21,28,52,59,
15,33,46,65,68,
2,29,40,43,51,
14,29,40,65,69,
14,31,46,60,67,
13,17,40,52,66,
15,18,45,57,68,
1,20,24,40,45,
13,36,43,60,64,
15,18,35,40,48,
4,28,40,45,59,
1,8,27,42,51,
15,18,43,45,66,
4,25,46,51,57,
5,23,26,43,54,
17,36,40,45,66,
2,9,21,29,42,
12,15,41,44,69,
11,35,37,60,62,
14,17,31,36,67,
15,17,42,47,54,
5,9,22,28,42,
7,23,28,46,48,
13,17,43,60,70,
14,19,46,66,69,
14,43,45,60,64,
13,32,46,63,70,
13,26,41,45,64,
4,8,23,27,45,
5,7,21,42,48,
4,23,27,44,53,
7,9,26,42,48,
7,22,28,46,57,
12,14,35,47,68,
17,40,42,65,70,
4,22,27,43,46,
13,26,40,61,69,
2,9,22,28,43,
2,24,42,51,57,
16,40,57,60,69,
12,36,41,44,65,
12,33,45,51,68,
12,17,22,49,60,
12,31,34,40,47,
12,17,43,52,61,
15,40,48,53,62,
12,19,30,46,65,
12,32,43,45,70,
15,17,46,53,70,
12,38,41,44,69,
14,35,37,46,67,
2,4,29,47,53,
15,20,44,62,65,
14,37,39,63,68,
3,20,28,45,47,
12,31,40,44,65,
2,25,42,47,53,
5,8,20,46,49,
5,7,22,40,49,
12,18,47,53,67,
14,40,42,61,65,
8,27,40,47,52,
15,38,49,63,68,
15,17,38,60,68,
17,32,39,62,66,
12,35,41,53,54,
12,45,49,62,66,
16,18,47,49,65,
11,14,36,43,63,
7,9,20,49,54,
1,22,40,49,52,
14,18,24,49,69,
13,17,42,48,62,
12,18,51,57,64,
13,17,32,38,67,
2,20,41,44,51,
11,40,42,63,65,
4,20,47,53,59,
16,39,46,60,65,
6,20,23,49,54,
7,25,28,46,53,
15,26,41,44,65,
15,17,40,42,64,
4,21,44,52,57,
2,6,29,42,53,
7,21,44,52,57,
12,43,47,53,64,
8,23,42,47,53,
12,15,46,57,67,
5,23,25,42,46,
8,20,43,51,53,
8,20,28,41,51,
13,40,42,65,68,
11,15,36,43,62,
5,20,41,48,51,
15,42,46,53,61,
12,33,39,48,62,
12,28,43,49,68,
15,17,42,48,62,
16,19,45,49,56,
13,16,41,46,65,
12,15,33,40,67,
12,19,33,59,60,
13,17,25,28,42,
17,22,49,60,69,
11,15,39,40,52,
11,14,45,60,62,
12,19,40,49,66,
5,28,40,54,57,
5,22,43,52,57,
14,19,27,43,68,
2,23,27,43,54,
12,17,51,62,67,
14,17,42,61,69,
12,17,32,36,61,
4,22,28,53,57,
13,24,27,40,69,
5,28,41,48,57,
15,19,30,56,69,
17,32,46,65,67,
11,14,43,60,65,
15,18,45,63,66,
1,24,26,42,47,
16,40,47,52,69,
12,14,36,43,67,
15,32,35,41,44,
12,15,47,62,66,
13,31,40,62,67,
13,40,46,53,67,
17,19,42,46,70,
5,8,23,40,51,
15,19,32,56,61,
12,30,40,63,65,
15,49,56,66,69,
4,9,23,44,49,
12,14,37,39,64,
12,17,35,41,64,
12,18,35,39,44,
1,23,27,42,48,
13,23,26,60,70,
16,19,32,47,62,
16,40,42,65,69,
13,17,42,46,70,
5,21,29,42,52,
2,9,21,42,48,
4,6,21,48,51,
4,9,22,27,45,
13,17,36,60,64,
16,19,37,40,69,
12,16,37,42,63,
14,18,33,65,67,
17,19,42,44,57,
5,23,40,48,51,
13,19,41,62,68,
10,32,53,65,67,
4,22,41,47,53,
4,8,21,53,57,
4,7,22,43,49,
6,20,24,43,49,
12,16,49,63,65,
1,9,22,49,52,
14,19,40,63,66,
15,18,44,51,65,
13,18,47,66,69,
13,16,46,57,60,
16,19,52,57,62,
12,36,37,45,61,
17,42,46,53,68,
14,23,28,44,65,
13,39,49,54,62,
5,9,26,48,52,
13,20,42,63,67,
13,17,40,44,60,
14,29,40,42,65,
5,9,41,44,52,
14,17,30,43,65,
4,9,25,27,52,
12,43,46,65,70,
5,23,28,41,44,
3,28,42,46,57,
1,7,25,42,46,
17,32,40,48,65,
13,21,48,60,65,
15,40,48,60,65,
14,35,46,48,69,
16,37,41,49,60,
14,16,27,40,45,
3,6,20,28,43,
15,46,54,60,63,
1,22,27,40,49,
8,26,40,53,57,
17,24,28,45,60,
12,17,30,40,69,
14,17,36,44,63,
14,16,40,43,65,
13,18,30,36,47,
2,8,23,40,51,
15,26,28,41,67,
2,22,46,49,57,
12,15,46,48,63,
12,19,25,40,69,
7,26,41,44,51,
14,17,40,51,70,
14,41,49,58,69,
13,15,46,65,68,
14,33,36,45,64,
7,28,42,47,54,
1,7,26,44,53,
4,25,28,43,52,
2,8,21,27,49,
16,18,31,47,69,
14,46,57,64,69,
15,18,35,40,67,
17,31,37,60,66,
5,8,20,51,57,
12,24,28,43,65,
11,14,41,42,65,
16,35,37,49,62,
2,5,29,40,52,
16,32,40,63,65,
4,23,28,45,48,
4,26,29,46,49,
5,24,26,43,51,
12,15,26,47,66,
17,20,25,42,60,
17,19,40,44,53,
2,6,25,40,45,
13,18,42,62,67,
17,42,46,53,59,
12,15,28,43,70,
17,42,52,63,68,
12,19,28,41,70,
15,47,52,53,66,
2,7,22,27,40,
16,19,32,40,49,
14,29,41,45,60,
12,30,39,43,47,
11,15,38,42,62,
4,21,25,43,52,
17,49,52,62,70,
17,42,51,63,70,
12,46,51,59,69,
7,9,25,42,46,
6,20,27,54,57,
1,25,28,40,52,
11,43,45,60,62,
12,37,39,59,60,
14,31,47,51,58,
12,17,43,45,68,
2,9,24,43,49,
6,20,29,41,45,
13,19,40,44,65,
15,21,26,49,70,
14,33,42,44,69,
15,18,27,44,69,
12,14,41,47,68,
13,39,48,60,62,
12,42,53,57,67,
16,20,47,49,65,
15,48,49,50,69,
14,23,25,42,69,
6,24,45,49,53,
14,38,43,67,69,
12,17,24,27,60,
3,20,46,49,57,
2,22,28,49,57,
11,32,45,47,62,
5,26,29,43,46,
17,22,45,60,65,
13,15,38,51,70,
14,16,37,41,60,
13,30,32,45,62,
8,23,40,42,51,
13,18,48,62,69,
15,40,49,54,57,
14,25,41,49,60,
15,35,38,60,66,
12,17,40,51,68,
10,13,42,59,65,
15,19,36,46,70,
14,16,47,53,62,
13,20,26,41,67,
16,18,49,57,65,
16,43,47,52,65,
7,23,26,44,49,
15,23,28,42,64,
13,18,47,60,66,
4,9,23,26,44,
17,19,34,42,49,
5,8,23,40,52,
11,14,35,38,43,
11,15,46,49,62,
7,20,41,48,51,
4,9,26,29,41,
12,26,45,62,67,
13,18,47,60,70,
12,46,49,66,69,
6,20,22,41,49,
2,29,42,46,57,
4,8,21,27,41,
1,24,26,40,45,
12,41,43,53,64,
14,43,51,54,62,
13,16,49,62,69,
15,36,38,43,66,
11,13,37,60,62,
11,41,46,52,69,
5,22,27,40,43,
12,19,41,47,70,
12,16,46,57,69,
12,19,40,44,63,
15,17,40,52,64,
13,18,49,60,67,
4,6,23,29,52,
1,20,27,44,47,
5,28,43,47,54,
1,5,20,52,59,
12,31,34,42,63,
5,22,27,46,49,
14,33,37,45,68,
15,24,43,49,60,
12,33,40,45,61,
13,16,43,60,69,
8,27,40,47,53,
17,31,36,51,54,
17,32,35,40,44,
14,18,39,41,66,
12,16,42,63,65,
1,4,20,53,59,
14,40,46,65,67,
12,16,43,49,62,
3,28,40,46,53,
13,31,42,63,68,
16,35,46,63,69,
6,9,28,44,49,
13,18,37,44,60,
15,19,32,44,46,
4,21,44,51,53,
17,32,35,40,61,
14,18,35,48,63,
14,37,44,62,69,
2,23,27,40,54,
14,41,49,62,70,
14,19,36,47,68,
13,15,28,41,64,
12,14,33,62,67,
16,42,46,51,63,
12,24,47,60,65,
7,20,22,43,52,
13,17,32,38,61,
2,6,25,43,53,
1,4,22,43,53,
12,15,20,47,68,
4,20,22,49,57,
16,21,27,60,65,
14,41,57,60,68,
4,28,41,49,59,
4,9,28,49,59,
14,21,28,48,69,
13,45,46,51,64,
12,17,20,25,49,
4,28,43,52,59,
14,18,41,61,69,
14,36,43,47,68,
1,24,27,49,52,
15,36,40,65,67,
14,24,27,46,49,
14,32,43,67,69,
14,15,45,47,58,
6,22,45,49,51,
5,9,26,51,54,
13,40,51,57,66,
14,26,41,45,61,
12,17,51,57,64,
14,41,49,54,63,
8,26,42,53,57,
2,9,26,41,48,
6,25,28,52,57,
16,18,35,37,60,
12,19,25,28,43,
12,17,46,51,66,
17,32,46,49,68,
15,20,23,45,66,
15,19,46,60,68,
3,9,26,28,53,
14,31,37,48,60,
16,18,42,65,69,
17,46,48,53,69,
17,19,48,60,65,
16,18,47,51,60,
13,19,40,42,64,
16,31,36,40,63,
15,19,38,40,67,
16,31,45,53,56,
15,41,48,60,63,
11,14,35,40,42,
14,40,45,63,66,
2,21,25,52,57,
4,9,42,49,54,
4,7,21,29,40,
13,21,45,60,68,
14,31,33,40,64,
4,8,23,47,52,
17,40,42,53,59,
13,18,33,45,48,
12,17,34,39,62,
5,21,40,48,52,
7,9,21,28,54,
5,22,27,40,46,
7,24,40,49,53,
12,36,39,61,63,
15,30,41,47,60,
14,17,28,42,61,
5,23,27,46,54,
12,14,35,47,66,
1,21,26,48,53,
12,39,44,57,65,
12,19,41,46,61,
14,18,48,63,65,
15,17,40,60,70,
14,18,47,51,68,
5,7,24,26,57,
15,21,42,60,66,
4,27,29,46,53,
5,22,41,52,57,
14,32,43,66,69,
14,18,47,53,70,
6,24,27,43,52,
13,16,32,41,62,
13,38,44,60,65,
14,22,46,49,69,
12,16,41,47,69,
12,19,35,38,48,
14,33,37,48,65,
13,16,43,47,60,
2,4,23,25,46,
1,7,24,40,45,
13,19,41,60,70,
15,40,49,60,64,
5,9,24,40,42,
13,15,48,57,62,
6,27,29,46,49,
11,33,42,62,69,
2,26,40,49,59,
12,19,43,49,70,
16,33,45,52,65,
14,17,43,49,66,
5,20,26,41,54,
17,19,28,42,61,
16,28,42,63,69,
17,46,54,65,69,
8,23,27,40,49,
14,17,35,62,67,
15,41,53,62,64,
12,41,47,51,66,
13,36,47,64,69,
15,37,40,49,64,
13,20,26,43,48,
14,19,30,39,46,
13,17,42,57,68,
13,35,49,50,68,
15,18,40,44,51,
12,37,45,53,68,
16,18,47,53,69,
14,20,24,49,63,
15,31,34,42,63,
15,35,41,62,66,
5,9,21,28,44,
12,19,32,57,59,
7,9,26,43,54,
1,5,28,41,54,
12,24,27,46,69,
5,8,40,46,51,
11,32,36,40,45,
8,21,26,41,53,
4,23,27,46,54,
13,23,27,60,70,
13,18,30,47,69,
16,18,43,53,69,
15,18,41,48,52,
12,15,41,48,63,
4,7,23,41,48,
12,18,31,40,61,
6,9,22,27,45,
16,37,39,47,60,
3,27,46,52,57,
16,18,31,46,69,
2,6,21,25,52,
7,21,23,44,52,
5,26,29,40,52,
11,42,50,51,65,
15,17,46,51,54,
16,43,52,60,63,
12,15,33,42,64,
14,31,38,48,63,
12,15,29,40,49,
17,35,47,60,64,
14,19,29,60,62,
6,20,25,51,53,
11,36,38,49,63,
4,7,41,44,53,
7,9,20,24,49,
14,16,33,49,63,
11,32,35,42,63,
12,35,39,62,68,
16,18,47,53,65,
1,9,20,42,54,
14,20,29,41,49,
17,42,51,57,68,
12,38,41,60,67,
14,17,32,34,43,
7,20,28,47,59,
12,16,31,33,41,
4,7,24,43,51,
16,31,36,60,63,
6,9,20,25,51,
17,42,46,53,67,
12,17,49,63,66,
12,17,41,44,53,
2,8,26,43,49,
1,26,44,46,51,
15,40,46,51,54,
15,18,34,45,60,
13,27,41,44,60,
12,16,47,62,69,
12,41,57,65,70,
14,18,52,59,63,
15,19,44,50,65,
8,23,26,42,51,
2,6,29,41,49,
1,5,20,43,54,
15,27,40,64,69,
15,49,52,55,64,
1,5,20,27,54,
1,4,24,45,51,
4,20,25,43,49,
2,24,27,43,47,
2,21,42,49,59,
4,23,28,44,49,
12,37,43,45,70,
13,16,31,32,63,
5,20,22,45,57,
13,35,42,48,62,
13,18,24,45,69,
12,33,41,66,69,
13,24,26,42,63,
4,8,23,41,51,
13,15,42,48,62,
13,18,25,42,69,
13,18,40,51,68,
11,14,46,49,63,
15,19,38,46,48,
2,5,20,43,48,
5,8,23,28,40,
4,23,28,45,59,
15,34,38,45,60,
14,19,43,51,70,
13,40,42,64,69,
13,15,46,62,70,
15,20,22,47,65,
2,4,22,41,47,
14,18,43,45,59,
3,6,28,45,49,
3,9,20,28,47,
10,14,39,65,67,
3,21,28,42,51,
13,40,47,64,69,
11,14,40,57,69,
12,27,29,40,45,
3,20,28,43,45,
5,24,42,47,53,
2,5,24,27,43,
15,32,46,61,63,
13,16,42,57,62,
15,19,37,46,48,
3,6,40,49,52,
5,9,28,47,54,
13,15,46,64,69,
4,27,29,40,51,
10,13,31,65,66,
14,40,43,54,65,
10,31,44,51,69,
13,18,48,53,62,
12,15,40,61,63,
14,26,47,60,67,
14,35,45,47,58,
14,20,27,41,67,
12,38,45,47,68,
11,19,40,43,60,
17,32,49,62,70,
12,43,52,57,68,
12,41,47,52,68,
1,28,42,45,59,
12,18,43,49,64,
15,18,52,63,70,
2,4,21,27,44,
15,18,30,37,60,
14,17,49,62,64,
7,23,42,48,57,
12,19,31,43,68,
5,8,41,47,52,
13,18,35,43,70,
15,19,32,34,40,
3,5,20,28,41,
13,18,35,42,48,
2,6,22,27,51,
5,8,20,28,41,
12,14,39,47,70,
1,20,23,42,48,
15,18,32,64,69,
4,7,23,54,57,
12,17,30,43,65,
2,9,24,27,40,
14,18,31,63,67,
4,8,23,46,53,
13,36,39,59,62,
1,28,43,45,54,
12,18,29,42,45,
15,20,28,47,68,
13,37,40,42,67,
1,8,20,42,53,
15,46,48,51,63,
7,9,24,46,52,
15,45,58,62,69,
15,40,42,64,69,
13,16,41,60,65,
1,7,28,42,54,
7,20,26,57,59,
16,40,51,53,63,
10,13,31,36,59,
2,24,45,47,52,
13,18,40,44,65,
5,8,26,42,57,
7,28,44,47,57,
12,15,44,49,63,
15,32,37,41,68,
13,18,22,27,45,
12,14,41,59,62,
14,31,38,40,61,
2,27,44,52,57,
12,33,41,44,65,
15,36,38,41,66,
15,18,40,67,69,
13,24,40,42,65,
15,19,31,34,46,
2,9,26,29,43,
12,30,32,45,63,
4,23,28,41,48,
17,32,40,45,66,
2,6,24,41,45,
15,18,35,42,44,
7,28,43,52,59,
7,21,42,48,53,
12,17,51,62,66,
16,18,41,51,60,
15,17,42,62,67,
14,18,43,51,67,
14,18,51,54,63,
11,13,20,28,62,
5,24,26,40,43,
1,5,24,40,49,
16,31,45,50,65,
14,18,37,61,69,
12,19,35,38,68,
12,19,30,42,63,
2,5,21,42,48,
1,4,25,43,52,
16,31,43,52,53,
5,26,41,48,57,
14,29,45,62,69,
14,16,33,40,65,
2,21,27,46,54,
15,39,50,51,68,
13,16,31,38,51,
12,20,41,61,65,
17,44,51,53,62,
15,40,45,57,64,
11,14,47,49,62,
11,17,20,42,69,
14,32,39,47,68,
14,19,30,41,60,
15,18,49,63,68,
2,7,21,42,44,
11,28,45,62,69,
14,27,44,47,65,
12,15,30,46,49,
14,38,45,49,66,
17,19,44,46,52,
13,20,45,62,68,
17,20,22,42,69,
15,36,39,59,62,
11,43,46,52,69,
12,46,48,65,69,
15,19,38,40,70,
11,17,35,42,46,
13,19,43,48,62,
13,32,38,43,64,
14,44,47,57,69,
4,21,28,45,54,
15,40,51,63,70,
11,41,49,60,62,
2,7,22,53,57,
13,19,46,66,69,
13,16,46,49,60,
11,32,35,42,46,
4,25,40,49,57,
14,46,49,51,61,
17,42,46,53,61,
12,37,43,60,66,
4,20,29,43,46,
4,7,22,28,47,
7,20,41,52,54,
16,40,49,63,69,
17,28,45,60,66,
5,21,40,52,54,
2,8,41,49,57,
4,21,44,47,53,
15,30,38,49,60,
2,4,25,41,51,
14,41,51,62,64,
7,28,43,52,54,
12,15,41,47,66,
7,9,20,22,47,
11,15,32,42,46,
13,31,38,59,60,
14,16,27,41,45,
14,18,48,63,69,
2,23,42,44,51,
13,19,40,47,66,
8,21,26,49,51,
11,14,31,38,65,
3,20,23,46,52,
12,15,33,46,70,
12,39,47,60,68,
14,40,51,57,61,
15,26,29,46,60,
12,18,45,48,63,
15,19,28,41,48,
11,14,36,53,63,
14,35,37,40,70,
4,8,27,41,46,
14,19,41,49,70,
4,25,40,47,53,
16,33,35,42,60,
2,21,26,43,48,
15,30,38,41,65,
12,35,48,53,55,
15,30,37,42,47,
14,19,46,57,64,
2,6,24,27,57,
14,34,39,46,69,
15,17,36,44,60,
15,40,49,57,66,
2,9,43,48,52,
14,32,37,63,68,
14,33,42,45,64,
14,40,49,54,63,
15,37,42,54,69,
2,27,42,47,54,
14,17,40,49,70,
5,8,20,41,53,
17,19,22,26,42,
12,19,43,47,70,
14,35,38,43,68,
6,22,26,49,51,
14,35,38,40,61,
14,33,41,60,68,
2,25,27,41,46,
4,20,29,41,46,
4,23,25,46,51,
7,22,26,41,53,
12,18,43,49,67,
14,30,32,43,69,
16,31,38,45,60,
15,18,30,32,45,
14,27,48,60,63,
15,18,49,62,68,
7,24,28,40,53,
1,28,42,44,57,
14,40,42,61,63,
6,28,41,45,54,
4,21,26,45,59,
11,23,28,49,60,
12,17,32,41,67,
15,20,41,48,69,
15,18,41,44,65,
1,20,23,44,52,
5,23,42,49,54,
5,7,24,27,46,
2,4,23,25,40,
11,36,47,60,65,
12,18,34,39,41,
15,40,54,60,63,
15,41,53,58,60,
14,19,30,36,63,
12,21,28,45,64,
17,32,35,45,66,
13,34,36,41,60,
7,9,27,42,44,
13,20,46,67,69,
1,7,28,40,44,
16,19,43,62,69,
14,17,41,45,64,
16,40,53,57,69,
14,17,43,54,69,
13,24,26,41,65,
11,32,33,45,60,
15,41,46,52,68,
12,41,45,63,70,
12,41,52,59,63,
2,4,21,28,59,
17,32,34,60,69,
11,13,26,28,40,
17,34,42,49,63,
13,19,30,38,46,
14,18,41,44,69,
12,15,37,39,44,
11,14,40,43,60,
16,42,46,63,69,
13,46,53,62,68,
17,19,42,44,69,
11,15,40,47,60,
14,46,49,51,67,
12,18,45,53,67,
4,9,24,28,45,
2,23,26,41,44,
13,18,35,44,69,
16,40,47,52,65,
2,24,27,47,52,
13,40,46,52,59,
15,38,46,66,69,
15,41,42,51,66,
2,25,41,52,57,
1,6,25,42,45,
4,26,29,41,46,
14,30,33,63,69,
16,46,49,60,65,
12,23,45,60,67,
16,18,32,47,69,
14,35,46,49,67,
16,19,31,38,62,
6,8,20,45,51,
13,36,44,62,69,
8,23,27,42,52,
1,24,27,46,52,
7,21,28,42,44,
12,19,33,42,66,
2,9,20,44,47,
6,27,29,41,52,
17,31,42,49,58,
4,23,27,51,54,
15,40,57,60,66,
13,38,43,48,60,
4,21,29,40,53,
16,40,51,53,62,
2,4,23,49,59,
7,22,27,46,52,
15,40,53,57,70,
13,19,44,46,63,
12,17,41,53,66,
11,40,51,53,60,
17,19,41,52,64,
3,5,23,26,52,
13,33,36,41,68,
5,28,44,47,52,
7,20,28,46,59,
13,30,38,43,49,
1,24,42,47,51,
16,39,42,49,62,
13,28,41,60,66,
12,16,35,45,62,
11,42,47,53,62,
12,15,28,47,66,
15,36,39,46,70,
1,26,41,44,52,
15,36,53,63,70,
1,7,20,22,45,
12,17,35,37,70,
13,16,23,42,49,
12,21,28,45,61,
5,8,23,28,46,
7,29,40,46,52,
3,7,40,42,57,
12,17,35,62,68,
15,18,45,47,70,
10,31,44,49,69,
2,21,42,51,59,
12,37,45,47,70,
13,17,42,62,68,
5,8,20,41,52,
4,24,28,51,57,
2,6,22,43,49,
13,15,28,40,44,
13,19,28,62,64,
10,35,42,45,59,
12,26,29,43,49,
17,40,48,51,60,
2,27,29,43,52,
12,15,33,40,66,
7,28,40,54,57,
1,5,20,44,46,
17,42,49,66,69,
7,20,28,43,48,
15,39,45,50,58,
12,19,53,54,63,
12,35,49,61,62,
6,20,25,49,53,
6,24,26,49,51,
17,34,38,42,69,
1,7,22,40,53,
8,21,28,45,51,
6,20,23,44,53,
1,24,26,43,52,
15,38,40,45,70,
15,33,36,46,48,
14,18,39,47,68,
11,14,36,40,45,
14,27,44,47,60,
2,7,23,44,49,
1,5,22,40,52,
2,20,22,41,45,
13,15,32,33,54,
4,6,25,46,49,
14,26,45,47,66,
15,34,40,43,60,
13,17,28,45,66,
14,17,49,57,68,
14,19,34,45,62,
2,7,27,54,57,
1,20,28,43,48,
14,19,40,49,67,
14,19,31,38,67,
14,16,37,60,65,
12,16,31,47,62,
4,6,25,27,51,
17,32,42,51,59,
2,9,26,41,54,
13,18,35,40,61,
12,23,27,49,68,
5,20,28,44,47,
16,43,47,52,69,
12,15,41,45,66,
11,41,42,53,60,
6,8,21,26,45,
5,9,25,40,42,
4,23,29,42,51,
15,41,42,53,64,
14,41,46,51,70,
15,19,42,44,62,
16,18,40,49,53,
4,9,24,27,43,
15,32,40,63,68,
15,17,32,36,70,
14,17,30,43,45,
12,33,39,43,64,
8,26,41,47,52,
7,22,27,42,47,
7,9,22,27,40,
13,27,46,60,67,
15,35,42,63,70,
17,22,26,45,60,
14,41,51,63,70,
17,47,52,65,70,
3,21,28,43,52,
13,42,46,57,64,
14,19,22,26,41,
13,31,36,46,48,
2,9,23,52,54,
12,16,41,49,65,
13,46,49,51,68,
4,6,20,29,51,
17,39,45,62,64,
14,19,44,47,57,
14,18,47,49,66,
16,45,49,53,56,
14,30,33,60,65,
4,9,40,44,51,
15,32,38,42,61,
14,41,57,60,70,
2,21,44,51,57,
15,17,20,45,70,
13,24,46,49,65,
2,4,23,49,54,
15,32,41,62,66,
2,22,43,49,52,
14,28,41,48,65,
11,19,46,62,65,
14,43,47,52,66,
15,18,26,60,67,
12,15,30,38,47,
12,16,31,36,43,
15,31,48,53,62,
13,35,37,46,70,
1,7,23,26,44,
4,8,20,23,45,
3,5,20,46,53,
12,41,46,66,69,
14,16,38,45,65,
17,28,42,49,66,
4,7,23,49,54,
2,5,24,28,43,
17,32,42,48,69,
12,37,46,65,67,
12,21,28,60,67,
2,4,24,47,51,
14,18,47,64,69,
13,18,26,44,69,
11,14,40,49,65,
12,18,33,49,64,
12,20,43,66,69,
13,16,21,26,45,
2,9,23,28,44,
12,35,39,61,62,
13,18,41,48,60,
12,41,46,64,69,
15,18,22,27,42,
13,24,27,49,62,
8,21,42,45,57,
2,4,25,47,57,
13,19,28,43,64,
5,7,28,40,44,
14,18,31,41,67,
15,33,38,49,68,
15,38,43,60,66,
2,4,23,44,49,
2,9,26,29,45,
11,19,36,39,40,
15,19,43,62,70,
2,6,21,44,51,
17,19,31,48,52,
13,18,32,39,48,
13,32,38,62,67,
6,25,28,42,49,
13,17,34,39,62,
1,5,26,28,44,
12,20,45,47,66,
14,17,33,49,70,
4,20,43,51,54,
5,9,24,27,52,
1,4,26,29,53,
16,26,42,63,65,
15,32,34,46,63,
15,37,52,60,61,
12,17,42,45,66,
1,4,20,22,47,
17,19,42,62,66,
7,21,48,52,57,
13,31,34,40,46,
1,7,26,44,47,
12,33,47,49,64,
14,30,35,62,65,
11,18,42,46,65,
12,17,38,65,70,
14,47,57,66,69,
15,38,49,60,66,
15,26,29,42,46,
17,43,51,54,60,
12,27,43,48,60,
11,17,39,42,62,
17,30,32,45,60,
15,40,46,60,67,
12,22,49,62,65,
15,40,54,62,69,
15,18,42,62,67,
12,18,42,57,67,
7,28,47,52,54,
7,29,40,49,52,
12,17,41,53,64,
11,36,38,51,69,
14,40,52,63,67,
12,13,35,55,58,
12,37,39,64,65,
7,26,29,46,52,
13,18,40,42,59,
14,18,41,51,59,
2,7,29,46,49,
16,40,45,57,69,
2,21,27,43,48,
15,40,49,53,58,
4,6,21,44,49,
16,18,31,33,42,
2,9,22,27,42,
12,19,21,45,70,
4,23,25,49,52,
1,20,22,46,51,
13,17,27,42,48,
1,8,26,41,45,
12,17,22,49,69,
13,35,49,56,68,
14,19,25,28,40,
12,18,35,43,66,
1,22,28,47,49,
17,34,40,45,60,
12,20,27,43,61,
11,40,49,62,69,
16,19,32,38,43,
12,43,51,68,69,
4,26,29,43,52,
4,6,24,27,49,
13,34,42,46,69,
4,27,41,48,52,
14,20,47,66,69,
7,21,26,44,52,
14,17,46,52,61,
14,18,41,49,64,
5,8,27,41,52,
15,18,42,65,70,
6,27,47,52,54,
5,8,26,41,46,
1,8,26,28,41,
13,39,52,57,66,
12,17,47,49,66,
7,24,27,40,53,
12,30,43,60,69,
13,18,30,37,45,
5,24,40,45,51,
2,20,41,54,57,
14,18,49,65,68,
17,42,52,53,61,
13,26,40,64,69,
15,40,48,51,69,
14,17,43,45,68,
13,15,38,40,64,
12,18,47,53,64,
12,20,41,45,70,
2,21,24,42,57,
15,46,49,62,66,
12,18,39,48,65,
14,29,42,47,60,
12,15,30,43,46,
13,15,46,48,69,
15,36,42,46,61,
6,25,27,41,52,
15,19,22,47,60,
2,6,29,47,53,
12,19,43,48,53,
11,42,47,60,63,
14,16,47,62,69,
15,34,39,40,65,
15,36,42,47,68,
6,8,20,27,51,
6,8,27,49,53,
14,31,44,46,69,
2,9,22,40,49,
15,30,45,47,52,
12,34,41,46,65,
1,9,28,42,44,
15,38,40,44,69,
6,26,49,52,59,
14,31,43,52,67,
12,15,49,63,68,
15,38,39,65,66,
2,9,22,51,53,
17,32,39,52,59,
16,18,45,62,65,
2,9,25,42,45,
14,31,42,46,67,
15,19,34,43,62,
15,36,49,62,68,
14,16,33,36,49,
14,30,33,42,63,
12,35,43,62,67,
14,37,49,60,66,
13,20,27,46,68,
3,7,20,26,40,
2,28,43,54,57,
14,40,47,53,61,
17,19,36,47,64,
17,19,32,46,68,
1,4,20,44,49,
17,19,26,42,66,
11,19,26,40,45,
7,24,42,49,57,
14,18,43,45,66,
13,16,46,53,57,
13,19,43,62,66,
13,18,30,37,42,
12,33,36,44,65,
13,34,40,47,60,
12,14,31,37,67,
12,16,40,53,57,
2,9,27,42,48,
1,5,26,28,54,
6,24,41,45,51,
4,22,45,53,57,
2,21,28,43,48,
7,24,27,46,53,
2,6,24,41,51,
15,42,54,57,63,
16,18,31,43,69,
17,42,49,52,61,
3,20,26,41,46,
14,17,36,41,48,
2,6,27,47,54,
6,9,24,42,53,
6,8,42,45,51,
12,20,29,43,69,
10,31,51,59,60,
15,19,42,48,63,
11,13,40,60,63,
7,22,40,46,53,
4,9,22,46,49,
12,14,27,29,62,
15,17,42,46,59,
17,19,26,45,68,
13,18,40,48,65,
12,31,36,47,68,
5,21,29,40,42,
13,16,47,60,69,
2,20,25,43,47,
14,34,36,43,65,
15,19,41,46,54,
11,20,26,43,49,
12,18,31,41,44,
6,22,27,45,51,
10,31,51,52,67,
15,32,35,48,62,
14,16,33,43,69,
15,42,48,57,62,
7,41,43,52,54,
2,7,25,42,46,
4,8,42,45,57,
13,18,32,43,48,
15,22,28,47,69,
14,17,40,49,54,
13,19,46,48,60,
7,9,26,41,44,
15,18,36,48,65,
11,20,46,49,60,
13,18,34,39,69,
15,30,37,47,60,
1,21,42,44,52,
16,18,31,35,42,
11,14,31,46,63,
15,17,40,44,53,
2,7,25,27,46,
2,8,21,47,49,
12,16,35,37,43,
1,4,27,42,54,
14,15,38,59,65,
1,4,24,47,51,
17,44,45,52,69,
15,18,42,48,57,
5,24,43,47,52,
5,9,24,26,43,
5,28,43,48,53,
13,17,32,47,68,
13,39,43,46,70,
15,33,36,44,62,
8,23,28,49,51,
11,18,20,49,65,
4,7,22,46,49,
15,36,44,57,65,
1,8,21,26,52,
1,26,42,49,54,
16,18,31,60,69,
4,6,22,47,53,
12,15,24,46,69,
13,20,24,43,49,
13,15,42,46,66,
15,46,48,52,57,
14,19,38,48,69,
11,15,40,46,60,
13,16,41,49,60,
14,40,46,61,69,
17,19,42,46,68,
2,23,42,45,59,
15,33,36,41,68,
12,21,29,42,49,
13,15,40,45,66,
4,21,29,42,51,
2,5,21,28,54,
1,20,26,42,59,
10,14,31,65,67,
12,17,20,45,61,
15,41,47,52,70,
2,6,29,43,53,
12,15,40,43,68,
6,9,25,28,45,
11,13,32,46,60,
14,17,20,49,66,
10,34,49,51,65,
13,19,50,51,66,
13,42,48,53,55,
4,9,24,26,45,
11,35,40,42,62,
13,43,49,60,68,
5,8,26,41,57,
12,17,47,60,70,
2,4,23,27,54,
3,20,26,43,53,
16,19,36,42,47,
1,20,47,52,54,
16,18,32,39,49,
15,26,44,62,69,
15,17,44,62,69,
12,45,47,65,70,
13,37,46,48,60,
14,36,41,66,69,
4,7,26,41,44,
12,19,28,43,61,
12,43,46,67,69,
13,15,28,43,68,
1,9,20,44,53,
1,6,20,22,51,
17,35,45,62,68,
14,18,45,47,67,
7,21,28,42,59,
14,16,31,43,46,
4,7,21,46,48,
12,20,41,45,66,
13,23,28,44,49,
15,32,46,60,67,
2,21,29,40,51,
14,19,41,60,66,
13,27,40,65,70,
15,26,40,66,69,
13,17,46,64,69,
16,19,36,40,45,
13,17,43,52,54,
4,9,27,45,54,
16,20,28,45,63,
12,19,37,40,64,
14,16,49,62,69,
17,30,42,60,65,
11,31,36,40,65,
13,15,39,44,62,
15,18,48,60,65,
15,18,30,47,60,
14,41,43,52,67,
6,24,27,52,57,
17,40,45,60,66,
14,24,41,45,60,
11,33,36,40,60,
11,15,26,60,63,
12,17,27,60,70,
3,6,26,53,57,
12,15,42,48,63,
15,27,42,48,62,
1,6,20,27,44,
13,16,41,52,65,
13,34,42,43,65,
12,30,47,49,60,
1,5,22,45,52,
14,38,42,61,69,
2,25,40,49,53,
15,42,48,62,69,
6,8,27,51,57,
6,20,24,41,53,
4,7,28,41,54,
2,21,28,49,59,
13,35,38,40,48,
12,18,43,45,66,
12,17,32,41,66,
4,7,26,48,57,
12,17,40,45,61,
15,21,26,49,68,
12,19,22,49,63,
5,9,22,26,42,
10,12,39,51,59,
13,19,23,44,60,
4,9,22,45,53,
5,7,41,46,54,
15,18,31,44,46,
3,7,28,42,47,
7,9,26,51,54,
4,8,27,42,57,
1,3,26,46,53,
12,17,46,64,69,
4,22,28,51,57,
14,41,47,65,68,
13,15,42,55,64,
2,4,25,41,45,
8,23,28,52,57,
11,40,45,52,63,
14,30,39,46,63,
5,9,24,42,47,
1,7,28,52,59,
12,19,33,44,60,
16,32,41,46,65,
12,17,24,27,49,
13,31,38,47,66,
11,40,45,62,65,
2,24,41,47,53,
13,18,37,42,64,
12,43,49,62,70,
13,36,46,64,69,
15,18,27,49,64,
11,14,40,47,65,
12,42,54,57,63,
12,19,38,46,61,
12,38,48,65,69,
15,18,44,53,57,
10,19,36,53,59,
6,8,27,40,45,
14,16,32,49,63,
12,16,23,28,49,
13,46,57,64,69,
12,39,43,47,68,
4,8,23,49,51,
6,25,28,41,49,
17,36,49,62,66,
12,17,32,36,67,
17,19,43,52,64,
12,37,42,47,61,
16,31,39,46,60,
13,40,43,66,69,
6,24,28,51,57,
1,5,22,43,52,
11,14,26,45,47,
13,15,40,42,68,
14,19,41,44,63,
14,17,49,57,66,
13,15,26,46,70,
4,8,41,47,52,
14,18,30,33,65,
14,22,27,43,69,
14,19,30,33,60,
12,35,39,57,58,
3,7,20,42,46,
17,19,32,35,68,
1,20,27,45,48,
6,25,28,42,57,
16,21,26,49,69,
14,47,54,63,69,
2,23,45,48,57,
12,20,43,65,68,
12,15,35,62,64,
12,16,32,43,69,
8,20,23,41,45,
4,20,28,57,59,
15,18,44,62,65,
15,30,32,62,65,
8,42,47,51,53,
16,32,37,41,45,
12,35,51,57,64,
4,6,25,47,49,
4,23,29,40,45,
14,32,37,42,67,
12,17,44,60,63,
5,9,23,52,54,
14,19,34,39,41,
15,20,29,40,65,
14,18,43,49,68,
17,47,49,60,68,
15,32,41,60,66,
12,43,47,52,59,
15,27,40,66,69,
2,8,21,46,51,
14,40,49,64,69,
7,23,26,48,51,
15,42,46,63,66,
14,19,40,46,67,
13,40,46,53,70,
2,9,24,41,53,
3,28,40,43,52,
13,46,54,57,65,
12,15,40,45,61,
8,20,41,51,53,
13,30,42,46,69,
13,46,49,63,68,
13,17,36,68,69,
2,21,43,45,54,
14,40,47,67,69,
11,35,46,49,60,
12,17,44,49,63,
12,14,33,47,68,
13,15,26,41,66,
14,41,52,54,63,
14,33,42,64,69,
12,38,45,63,68,
3,5,28,43,52,
14,46,49,59,63,
13,18,45,49,70,
11,26,28,49,63,
13,28,45,48,63,
7,20,43,45,54,
7,24,42,45,57,
17,26,48,60,69,
1,8,26,42,53,
5,22,28,47,51,
15,32,34,46,69,
13,37,42,47,68,
11,40,51,57,60,
10,19,51,58,65,
13,17,32,40,67,
14,35,46,63,70,
15,30,40,45,53,
13,34,40,60,65,
13,18,49,62,70,
12,20,45,47,61,
15,36,43,65,68,
1,22,26,49,53,
15,32,34,47,60,
13,20,49,62,64,
12,17,24,28,49,
1,4,22,41,49,
14,17,35,40,66,
13,18,40,65,70,
14,19,31,62,70,
14,19,30,39,63,
15,18,47,65,70,
4,9,21,52,54,
12,41,46,51,61,
5,20,25,40,42,
15,28,41,45,70,
13,18,47,53,64,
5,7,24,47,52,
14,19,45,62,68,
12,18,35,37,66,
15,33,39,46,64,
4,20,25,40,51,
4,7,24,27,43,
12,19,26,46,67,
17,42,46,60,67,
14,17,30,60,65,
11,13,20,28,40,
12,39,41,47,68,
12,35,37,63,68,
11,37,42,45,62,
14,26,41,65,70,
4,7,24,28,47,
12,17,42,57,70,
8,20,26,41,45,
13,26,41,49,64,
14,31,43,46,70,
16,19,40,49,62,
17,19,26,45,70,
1,6,24,42,49,
15,40,48,60,63,
4,21,29,42,46,
14,36,40,61,65,
15,32,43,62,70,
15,47,52,53,70,
12,14,21,44,49,
7,20,24,41,49,
14,39,43,65,68,
14,41,53,59,62,
4,20,24,41,47,
15,40,43,54,65,
14,19,31,55,68,
14,22,26,41,45,
13,32,36,47,70,
7,23,26,44,57,
14,23,44,49,69,
12,17,49,60,68,
13,26,47,49,70,
4,8,23,46,49,
15,44,46,60,65,
12,34,37,42,47,
5,20,27,40,54,
4,25,28,40,47,
2,9,20,51,59,
3,20,28,46,49,
2,9,27,51,54,
14,23,26,49,61,
5,8,40,43,53,
11,17,40,52,69,
12,18,35,45,68,
12,37,47,64,69,
17,42,45,60,64,
12,26,43,49,67,
1,8,27,41,52,
5,28,40,48,51,
3,20,47,52,57,
8,21,27,40,53,
1,22,26,41,49,
12,18,45,65,70,
2,7,21,52,54,
15,26,43,45,70,
14,40,43,51,59,
6,23,44,49,51,
13,29,40,49,60,
13,18,33,48,69,
16,19,27,42,63,
14,19,28,44,63,
14,43,45,63,70,
11,14,38,42,49,
12,19,33,34,65,
4,6,27,29,49,
16,32,41,43,60,
12,39,47,49,66,
17,36,44,63,69,
6,20,27,48,57,
13,18,44,57,69,
16,19,31,37,62,
4,20,41,44,53,
14,18,33,39,66,
14,19,34,40,63,
12,14,29,45,63,
13,17,42,49,68,
14,17,41,49,68,
15,42,44,62,69,
12,35,38,43,64,
11,14,32,43,47,
17,42,49,62,67,
2,9,20,25,47,
5,9,20,52,54,
11,27,42,49,62,
2,9,26,48,51,
11,40,42,51,62,
1,4,26,44,49,
11,18,42,47,52,
12,18,24,49,69,
7,24,46,53,57,
15,17,42,65,70,
12,21,42,45,68,
13,18,42,57,68,
14,25,46,49,69,
12,43,52,63,68,
12,14,23,42,61,
4,9,22,53,57,
4,21,25,41,52,
12,16,35,37,40,
7,9,42,44,52,
7,20,24,46,57,
12,16,49,62,65,
6,20,29,46,53,
17,40,45,60,67,
16,38,41,60,65,
8,27,40,46,51,
7,20,23,42,44,
13,15,46,62,68,
12,24,43,49,65,
14,44,49,57,63,
17,19,48,52,57,
13,30,46,63,69,
12,43,52,57,64,
17,43,48,52,60,
12,28,41,60,67,
13,43,47,60,64,
13,17,40,64,69,
12,35,42,63,66,
14,17,46,49,59,
14,16,33,36,69,
5,22,28,41,47,
13,15,20,29,40,
5,8,27,42,47,
15,17,34,47,60,
16,49,51,56,69,
13,16,43,49,60,
3,7,40,49,52,
3,6,21,26,52,
15,19,43,46,68,
11,36,46,49,60,
4,7,23,29,42,
6,24,27,41,52,
14,41,46,61,65,
15,41,47,60,70,
15,17,48,52,57,
14,18,47,65,68,
4,6,29,41,53,
2,23,28,47,54,
1,5,26,42,59,
15,38,39,44,53,
14,33,40,48,69,
12,19,49,57,64,
14,31,37,43,70,
17,25,28,42,65,
5,8,20,26,43,
16,43,45,60,65,
12,14,23,44,49,
5,26,46,49,59,
4,22,27,43,49,
13,16,43,60,63,
16,46,53,57,60,
15,24,40,49,60,
15,21,26,42,68,
14,18,45,48,69,
13,26,28,47,66,
8,21,42,45,53,
1,9,42,48,52,
12,21,24,42,69,
14,18,49,57,67,
12,18,35,39,68,
13,22,26,49,62,
15,17,28,44,60,
14,18,43,48,69,
1,26,29,40,42,
15,19,37,40,70,
13,46,48,52,63,
14,17,35,44,47,
15,38,41,60,67,
17,20,42,67,69,
11,23,26,42,49,
17,42,48,51,62,
1,3,20,27,46,
14,43,48,65,69,
12,19,31,47,68,
8,20,23,47,52,
5,20,27,40,59,
12,25,46,60,69,
13,46,49,64,69,
2,4,20,29,43,
13,17,48,62,69,
17,30,31,42,53,
5,9,28,41,48,
15,18,42,59,63,
12,18,43,51,67,
12,45,47,53,58,
11,19,43,46,60,
12,41,47,65,70,
2,20,43,48,57,
13,34,40,43,69,
14,41,46,65,70,
2,7,24,28,43,
12,22,45,47,65,
1,4,27,45,48,
6,27,29,46,52,
17,31,34,40,49,
14,19,29,41,60,
4,6,29,45,51,
4,6,21,29,52,
14,33,42,49,68,
16,32,37,42,45,
12,22,46,49,69,
13,19,41,48,60,
12,37,39,62,67,
13,21,28,44,69,
16,47,53,60,63,
17,32,48,60,63,
12,43,45,58,69,
12,36,43,64,69,
15,30,37,40,65,
4,9,42,51,59,
12,16,40,45,69,
4,8,23,46,51,
2,4,27,29,46,
14,17,48,63,69,
12,14,40,49,67,
10,31,36,51,67,
12,18,44,63,65,
13,15,42,47,64,
1,22,28,42,51,
16,46,52,63,65,
17,19,46,60,66,
15,42,44,62,65,
6,23,26,48,53,
14,18,40,61,65,
17,20,27,42,61,
11,14,20,43,60,
17,19,40,60,68,
16,26,43,49,60,
14,26,29,41,45,
11,14,36,41,60,
12,37,51,64,69,
4,28,41,45,54,
12,19,35,57,68,
17,19,40,42,66,
14,17,26,29,42,
12,17,44,57,65,
15,21,26,42,64,
13,16,26,40,65,
15,18,32,39,68,
4,21,26,42,59,
14,16,21,27,42,
12,14,27,29,41,
13,24,26,40,49,
15,18,40,48,53,
14,19,38,40,61,
11,18,40,45,60,
11,18,35,39,46,
2,6,29,49,52,
1,5,28,40,54,
16,19,27,46,69,
13,31,37,46,68,
16,19,38,41,60,
14,27,43,60,64,
16,20,27,42,63,
4,6,24,45,51,
7,25,28,40,46,
14,18,34,39,49,
15,19,26,46,68,
15,28,43,49,70,
1,24,49,52,57,
17,36,41,60,68,
5,9,24,26,47,
16,20,28,43,45,
1,28,42,51,59,
17,46,49,60,70,
4,25,43,46,53,
12,18,47,53,59,
12,41,52,61,63,
16,49,57,60,63,
15,18,49,52,59,
4,27,40,51,59,
5,7,24,26,43,
15,32,48,62,65,
1,4,26,45,54,
14,17,47,53,68,
13,34,39,41,46,
13,34,36,42,63,
11,32,41,60,62,
10,30,39,45,69,
14,40,45,63,68,
2,21,42,45,54,
15,40,42,62,67,
15,38,40,61,65,
17,31,33,42,66,
12,17,35,40,48,
12,34,40,65,69,
13,30,45,47,52,
10,14,45,61,65,
15,21,28,44,69,
13,18,42,65,70,
13,18,33,36,67,
11,32,41,42,53,
1,20,29,43,52,
1,9,20,24,42,
11,13,38,60,62,
15,30,40,49,63,
14,46,51,57,64,
14,16,40,51,57,
14,30,37,60,69,
17,19,45,62,68,
12,17,30,40,49,
13,26,41,45,68,
14,19,40,47,68,
13,18,44,57,60,
13,18,49,57,68,
17,25,28,60,69,
12,30,41,45,60,
12,19,49,55,70,
15,18,27,44,60,
12,15,37,49,68,
15,18,39,44,60,
1,4,25,28,57,
12,19,44,57,63,
8,20,27,45,47,
2,7,23,40,48,
14,18,45,57,66,
15,18,44,63,65,
11,19,46,49,60,
14,29,45,47,60,
13,15,32,58,63,
16,18,42,45,57,
17,34,37,60,69,
4,21,43,45,54,
1,22,46,49,52,
4,8,41,49,57,
11,15,26,43,60,
17,30,38,45,49,
13,26,44,60,63,
14,35,41,47,64,
4,21,27,48,52,
14,17,40,60,67,
15,37,46,60,64,
15,19,38,42,64,
4,22,26,51,57,
12,33,36,46,67,
15,17,40,44,69,
13,34,36,43,47,
16,18,32,35,69,
1,7,22,40,42,
6,23,28,44,51,
12,15,23,42,64,
15,38,49,63,70,
13,18,42,44,65,
16,21,26,45,60,
12,34,36,47,69,
6,24,26,45,53,
14,18,47,49,67,
17,34,43,60,65,
13,18,47,49,64,
5,7,26,48,57,
6,20,22,43,53,
1,24,28,45,57,
15,40,51,63,66,
5,23,26,41,48,
7,21,26,44,57,
15,36,44,47,62,
14,27,48,63,65,
5,9,22,26,57,
13,28,41,49,68,
12,14,43,49,67,
13,18,29,42,60,
12,14,37,39,70,
12,35,37,62,68,
14,41,54,57,65,
1,26,40,51,54,
2,4,20,25,43,
16,17,32,49,51,
15,39,47,62,70,
7,20,22,43,46,
12,33,35,40,66,
15,30,38,60,65,
1,7,28,44,51,
12,26,49,63,66,
1,5,20,46,48,
14,17,32,39,64,
11,32,45,51,56,
3,21,27,42,46,
14,43,46,53,67,
1,4,29,40,52,
4,7,20,47,54,
2,8,26,47,57,
13,19,24,40,69,
17,38,49,64,69,
17,30,45,62,69,
1,8,26,43,51,
14,19,40,47,66,
12,38,43,48,65,
12,44,51,53,63,
16,31,45,56,65,
14,40,43,54,69,
6,25,28,40,51,
1,4,27,44,46,
2,5,21,28,44,
1,26,29,40,49,
16,39,46,63,65,
14,18,51,57,67,
6,25,41,45,52,
1,24,26,41,49,
14,19,24,27,41,
13,40,47,60,66,
12,39,46,63,66,
4,28,41,54,57,
13,34,40,47,69,
5,8,41,43,52,
6,9,28,45,54,
12,33,36,53,67,
15,44,46,53,62,
11,14,46,52,63,
2,9,20,29,43,
7,23,42,46,54,
17,49,57,60,64,
15,46,51,53,68,
14,30,35,40,45,
13,34,46,63,65,
14,17,47,65,68,
15,18,34,39,46,
12,15,45,62,67,
3,5,23,28,52,
15,17,35,48,62,
16,19,35,41,62,
12,18,31,38,61,
5,20,28,41,48,
12,15,44,62,69,
1,4,22,26,57,
2,23,26,44,49,
11,13,40,46,52,
14,18,28,45,67,
13,20,28,47,61,
7,20,27,43,48,
15,28,46,65,67,
14,18,33,39,61,
13,21,45,60,70,
17,19,33,42,68,
4,9,24,27,52,
4,21,26,49,59,
14,17,37,60,64,
12,15,32,41,48,
2,25,27,43,52,
6,8,21,26,51,
1,7,26,43,54,
13,16,21,42,65,
2,20,27,41,48,
15,26,29,60,63,
11,42,46,51,53,
13,31,46,62,70,
12,23,27,45,64,
15,36,52,63,67,
15,36,47,49,68,
4,8,23,27,52,
5,8,26,42,47,
2,21,26,41,44,
17,36,47,49,64,
4,22,43,53,57,
17,19,34,37,42,
13,19,40,46,64,
15,31,32,63,64,
12,19,35,61,62,
1,20,41,45,54,
7,28,46,48,57,
12,43,48,57,60,
1,20,26,49,54,
11,36,39,45,56,
14,26,45,63,67,
12,21,48,60,65,
12,27,49,62,66,
13,25,28,43,60,
12,15,28,43,66,
2,9,25,28,51,
16,19,26,43,65,
13,26,41,44,69,
8,21,28,42,57,
14,17,36,45,67,
4,6,29,53,57,
2,8,27,46,57,
2,28,45,54,57,
14,17,31,46,68,
13,18,45,47,66,
5,7,22,40,53,
4,28,45,47,54,
4,21,28,41,44,
12,43,48,60,65,
17,42,47,64,69,
13,18,39,46,64,
12,14,43,49,64,
17,40,51,54,65,
2,20,41,48,57,
15,46,52,61,63,
8,23,28,42,57,
15,18,25,42,60,
6,20,25,51,57,
14,25,42,47,65,
17,46,53,60,66,
12,16,35,39,62,
12,19,25,42,63,
13,19,26,40,67,
14,18,35,44,69,
14,30,39,62,69,
15,32,36,47,59,
12,37,40,67,69,
15,41,44,60,62,
15,34,37,62,65,
7,24,27,40,52,
6,25,40,45,53,
4,23,29,42,57,
12,14,33,41,44,
3,7,23,40,52,
17,34,38,45,49,
12,17,43,60,68,
13,18,43,52,67,
4,23,48,52,57,
14,24,26,43,65,
12,17,28,49,66,
1,22,43,45,52,
2,9,21,48,53,
12,19,31,62,68,
1,20,22,41,52,
13,19,30,45,56,
11,27,45,60,62,
8,40,42,51,57,
13,33,40,45,68,
16,40,45,51,57,
7,20,23,40,54,
11,42,57,60,63,
14,22,47,49,60,
17,19,34,41,60,
13,18,39,52,61,
5,28,47,54,57,
15,18,43,45,70,
4,22,27,41,46,
4,21,27,43,48,
4,6,21,51,54,
2,29,40,51,57,
7,20,25,40,49,
3,5,27,40,52,
13,15,44,60,62,
17,19,43,48,60,
13,19,27,48,62,
12,14,41,43,66,
16,33,36,49,62,
3,20,26,52,57,
2,26,43,49,59,
17,32,45,60,66,
13,40,49,62,68,
14,18,42,57,59,
17,19,30,39,46,
4,20,43,49,59,
8,23,45,49,52,
13,26,42,47,70,
3,26,40,46,51,
2,20,22,41,57,
12,14,43,62,67,
6,29,42,45,51,
14,40,43,61,65,
12,15,42,47,66,
13,24,26,40,69,
15,20,43,60,66,
17,26,28,44,65,
11,17,35,46,60,
13,35,37,40,66,
1,24,26,41,51,
15,30,36,47,51,
6,8,23,26,53,
14,19,48,60,63,
16,41,43,51,60,
7,21,28,41,54,
6,9,22,27,42,
12,25,28,62,69,
11,14,47,52,62,
1,24,27,46,53,
1,4,20,51,54,
17,19,42,45,66,
15,18,45,62,70,
15,18,40,61,69,
15,31,48,51,62,
12,25,40,45,69,
6,23,27,45,48,
14,31,42,47,68,
14,17,31,34,47,
14,17,32,43,48,
7,21,28,43,54,
12,19,30,38,69,
12,31,37,62,70,
12,28,41,49,70,
14,19,44,46,57,
1,7,24,40,42,
5,21,24,40,51,
2,4,25,41,53,
12,26,47,49,66,
14,26,41,44,65,
14,39,51,56,67,
14,37,46,49,66,
2,4,29,43,51,
15,19,46,62,66,
6,24,26,53,57,
12,41,46,60,67,
4,29,42,53,57,
4,23,45,49,54,
2,8,23,42,53,
12,43,47,60,64,
13,19,46,60,70,
4,9,20,52,59,
14,19,28,47,66,
1,28,45,51,54,
7,20,28,44,47,
13,30,31,57,60,
12,34,47,62,69,
14,18,40,51,61,
3,26,40,45,52,
16,33,36,62,69,
13,43,46,52,61,
4,27,49,54,57,
13,18,31,63,66,
13,47,57,60,70,
12,17,26,44,65,
16,32,35,49,62,
14,31,39,62,64,
13,19,21,42,68,
12,14,37,41,64,
15,19,46,48,60,
5,21,44,47,52,
13,15,46,48,65,
12,19,33,42,59,
6,8,27,42,51,
14,18,20,29,45,
12,16,23,27,45,
2,5,29,41,46,
6,20,41,48,53,
15,17,44,46,69,
4,8,42,47,51,
12,17,28,45,68,
12,15,20,43,70,
15,17,42,46,68,
16,19,31,41,46,
12,22,46,49,65,
17,28,42,60,67,
8,26,42,45,57,
16,31,33,40,65,
15,19,32,55,64,
11,40,42,60,63,
12,31,38,43,66,
12,41,54,60,63,
15,32,40,51,61,
12,15,34,49,62,
13,17,41,52,64,
12,17,51,57,70,
13,19,32,55,68,
13,19,24,27,40,
16,35,38,43,69,
13,16,43,46,60,
1,8,21,28,45,
14,17,44,62,69,
13,32,47,62,66,
13,20,22,40,49,
1,4,25,42,46,
12,19,24,45,63,
15,20,22,40,65,
2,20,24,41,43,
6,20,24,47,51,
12,37,44,60,69,
17,36,38,44,69,
16,32,38,43,65,
13,40,46,67,69,
16,43,46,60,65,
13,34,38,43,45,
15,34,40,43,65,
1,7,25,42,52,
5,7,28,46,54,
13,44,57,62,69,
2,20,29,41,47,
12,17,46,54,69,
17,22,28,42,45,
12,15,24,41,49,
1,3,20,42,53,
14,22,41,49,65,
14,18,33,45,67,
17,20,29,45,60,
7,20,29,47,52,
15,17,31,42,64,
15,17,42,48,57,
15,42,47,62,70,
15,40,49,54,63,
14,16,43,46,65,
16,35,38,42,47,
12,23,45,49,66,
14,16,20,27,43,
11,14,31,33,40,
11,18,39,60,62,
2,20,41,48,51,
12,14,43,47,64,
4,9,20,44,47,
13,16,37,42,51,
14,22,27,45,62,
12,36,41,47,66,
14,16,43,51,57,
17,19,32,54,69,
12,16,38,47,49,
15,18,41,53,66,
15,18,40,48,65,
12,15,30,43,47,
6,27,42,44,53,
12,15,38,48,63,
3,9,20,27,46,
15,32,43,53,68,
6,8,23,26,49,
11,15,38,47,60,
12,19,23,49,64,
2,4,22,41,49,
2,5,21,23,54,
13,36,38,49,66,
4,23,40,45,54,
14,16,41,45,62,
7,25,28,40,57,
4,6,21,25,51,
15,48,52,57,62,
12,20,25,49,63,
13,40,48,51,63,
15,32,58,63,65,
16,28,41,49,65,
15,36,40,43,66,
4,21,27,46,54,
4,25,27,40,43,
4,21,26,45,54,
12,15,41,62,70,
15,18,32,53,67,
12,44,46,63,69,
12,36,43,66,69,
4,20,47,51,54,
13,40,42,57,67,
16,28,47,49,60,
3,9,20,28,53,
2,25,27,40,42,
4,7,25,41,46,
12,14,25,47,65,
2,20,41,51,54,
13,27,44,60,63,
2,9,20,29,45,
15,18,34,60,65,
15,24,28,46,65,
2,20,22,47,53,
13,40,43,52,70,
1,5,24,28,46,
3,5,26,40,46,
13,20,40,65,70,
15,23,49,60,70,
13,20,23,42,44,
16,36,39,43,69,
15,28,43,45,70,
14,27,29,40,42,
17,19,42,47,70,
15,41,43,52,64,
12,18,27,49,61,
16,18,42,49,65,
17,31,42,48,62,
4,23,26,41,54,
16,19,38,40,69,
15,17,32,37,44,
4,9,28,41,44,
12,32,39,41,70,
1,8,23,27,42,
14,35,41,48,60,
2,9,23,48,53,
5,7,23,40,48,
2,23,25,46,53,
2,23,41,48,51,
13,19,43,48,52,
11,12,33,36,65,
5,21,24,46,51,
17,30,36,45,47,
1,8,20,27,49,
2,25,28,42,47,
2,8,23,28,45,
14,35,41,51,54,
15,38,40,49,70,
10,13,39,60,61,
4,26,49,57,59,
15,18,41,65,70,
7,22,26,40,43,
17,44,51,60,62,
2,29,41,46,53,
17,19,42,62,67,
14,18,43,53,64,
1,4,27,42,48,
2,20,25,43,45,
14,18,27,49,66,
17,46,52,61,69,
1,22,26,46,51,
14,17,46,53,64,
17,30,33,60,69,
15,18,24,42,69,
17,19,30,36,63,
13,26,41,44,60,
13,42,47,60,70,
16,19,40,52,57,
2,9,24,46,53,
12,14,33,47,64,
6,9,22,28,53,
15,26,49,63,68,
16,42,53,57,62,
6,24,28,51,53,
3,6,28,41,49,
12,18,47,66,69,
12,18,36,43,67,
13,26,47,60,66,
13,34,38,60,63,
14,39,40,59,69,
15,16,37,39,52,
15,20,24,47,65,
16,37,39,51,52,
16,19,36,43,49,
13,20,41,65,68,
12,17,47,52,67,
5,27,40,52,54,
13,19,25,28,40,
12,16,31,37,43,
14,19,42,59,63,
12,19,34,39,46,
12,15,35,62,70,
12,15,34,43,46,
1,5,26,46,54,
17,34,36,43,69,
16,20,27,40,69,
12,19,43,45,70,
5,23,26,47,54,
2,26,29,52,57,
1,22,42,47,53,
5,7,23,42,54,
2,5,23,29,42,
14,17,43,52,59,
13,31,40,44,63,
13,40,48,53,62,
17,32,35,60,67,
15,31,46,62,64,
14,17,32,63,68,
2,4,26,29,41,
14,28,43,61,69,
4,7,20,23,48,
2,21,26,51,59,
7,9,22,52,57,
12,26,45,47,68,
7,24,40,46,53,
2,8,28,49,57,
11,18,20,49,60,
14,35,37,42,44,
12,26,49,62,67,
1,8,28,51,53,
17,46,52,54,69,
15,48,53,57,62,
6,20,29,45,47,
14,18,47,65,70,
13,19,40,44,69,
12,31,37,44,62,
4,20,43,48,57,
7,26,41,44,53,
5,22,28,45,47,
15,28,40,45,61,
1,26,40,48,53,
12,14,21,24,45,
2,4,21,25,41,
14,18,40,45,59,
8,21,26,42,47,
1,6,25,42,52,
6,27,29,45,52,
12,15,20,22,41,
13,40,42,61,63,
14,19,38,40,67,
13,28,41,49,70,
13,17,40,66,69,
12,19,43,60,67,
1,26,42,52,59,
2,5,22,40,47,
12,19,40,65,70,
15,32,38,65,68,
14,36,55,61,65,
6,22,27,40,51,
12,18,39,43,66,
4,6,21,25,52,
14,17,51,57,68,
4,9,24,28,49,
12,19,36,63,70,
2,7,24,28,47,
7,26,41,46,54,
12,18,35,39,70,
7,9,26,52,54,
4,9,27,40,44,
13,15,39,50,68,
15,19,38,60,68,
17,40,48,60,69,
3,20,46,49,53,
13,24,26,42,47,
1,9,20,22,49,
14,17,40,44,53,
4,7,24,43,57,
13,26,47,49,64,
12,18,43,53,61,
14,19,30,46,69,
17,42,47,53,66,
12,37,42,47,68,
15,44,46,57,69,
12,35,45,50,67,
14,41,45,62,66,
15,17,42,46,66,
16,45,47,52,65,
14,23,44,65,69,
4,9,28,47,54,
13,21,28,42,44,
12,26,47,49,70,
13,18,34,43,65,
12,45,47,53,64,
12,16,41,53,63,
16,19,40,42,57,
12,14,31,57,67,
4,21,24,42,51,
1,23,25,42,52,
14,19,44,46,65,
7,21,45,52,54,
12,41,46,61,65,
2,23,45,47,54,
14,23,26,45,64,
12,46,49,63,66,
12,26,28,41,67,
7,20,24,40,49,
14,37,39,46,64,
4,9,22,47,53,
16,31,43,62,65,
4,25,41,49,52,
1,27,44,49,52,
12,43,45,60,64,
7,20,27,46,54,
8,27,40,47,51,
11,32,38,49,63,
15,19,33,38,48,
11,14,46,52,57,
13,19,49,62,66,
13,17,47,60,66,
14,47,52,62,67,
12,17,46,49,68,
13,40,49,62,66,
12,14,27,43,64,
12,15,49,62,70,
4,23,28,42,59,
5,24,27,46,57,
15,49,50,66,69,
6,24,27,51,57,
15,18,33,39,64,
12,17,33,66,69,
15,40,46,67,69,
15,19,43,48,62,
17,41,48,60,69,
13,32,33,64,69,
11,31,32,40,65,
15,18,31,35,48,
1,6,24,27,45,
12,16,41,46,51,
6,24,27,40,53,
2,8,27,41,49,
15,27,48,60,63,
6,20,25,42,45,
14,40,52,59,63,
2,9,22,43,45,
15,24,42,60,63,
13,15,40,60,64,
14,17,31,36,68,
11,21,28,42,60,
13,20,22,46,49,
14,17,20,45,67,
14,43,49,59,62,
10,34,35,45,53,
5,21,28,43,48,
13,16,31,39,50,
12,19,40,47,59,
12,15,46,57,70,
15,41,46,51,54,
15,17,36,62,68,
15,18,34,60,63,
7,26,29,46,49,
11,15,33,36,46,
13,28,47,60,64,
12,20,29,41,60,
12,19,21,42,48,
14,31,37,63,70,
2,20,43,54,57,
12,17,43,45,54,
12,16,28,41,65,
3,5,26,28,40,
8,26,42,47,51,
2,6,20,29,47,
12,16,46,49,63,
2,6,25,40,49,
17,46,48,60,65,
1,20,45,52,59,
2,29,40,51,53,
5,23,28,42,59,
15,31,33,48,62,
13,17,42,60,67,
13,40,46,65,70,
8,20,41,45,52,
15,19,43,62,66,
13,32,39,41,66,
12,43,46,52,59,
13,47,52,54,62,
15,31,34,46,60,
7,24,40,49,57,
14,36,41,44,65,
2,23,27,44,51,
14,19,43,62,66,
5,20,24,41,51,
12,15,46,63,70,
14,24,27,46,69,
13,34,38,49,53,
15,24,27,40,69,
16,19,41,60,63,
14,15,47,51,66,
12,18,44,65,69,
13,43,46,51,70,
7,22,28,42,47,
14,19,51,58,63,
14,19,24,46,49,
13,17,20,49,70,
11,40,46,52,69,
15,32,41,63,70,
12,30,33,42,47,
14,19,36,59,63,
17,26,42,44,65,
14,47,49,60,66,
17,36,42,44,63,
12,28,46,61,69,
15,19,26,43,48,
15,40,44,53,63,
5,7,29,40,46,
11,36,49,60,62,
17,39,42,48,53,
12,19,43,44,53,
4,9,20,24,47,
2,7,21,23,48,
17,32,38,45,64,
2,8,41,47,53,
17,34,46,60,65,
16,45,47,51,62,
15,17,46,60,66,
17,48,51,60,62,
12,36,41,49,61,
17,40,45,51,64,
12,19,41,48,65,
11,17,36,39,62,
14,47,52,61,63,
12,31,40,47,61,
2,8,26,41,53,
13,40,51,59,62,
5,27,46,48,52,
17,51,54,62,69,
17,19,40,52,70,
14,31,44,55,69,
5,24,28,41,46,
5,26,41,44,51,
12,18,43,51,70,
12,16,41,57,69,
16,35,40,45,63,
11,40,46,52,65,
16,40,42,53,63,
2,4,21,26,59,
13,18,32,41,67,
2,20,25,40,47,
14,16,20,43,45,
16,19,31,36,62,
14,39,55,58,65,
14,44,45,55,69,
2,7,22,47,51,
1,7,28,42,48,
8,21,27,42,45,
4,22,41,49,52,
12,15,24,27,41,
12,18,49,65,68,
11,20,42,47,69,
12,18,37,42,67,
15,28,46,61,65,
16,19,51,55,60,
17,26,42,61,65,
12,43,52,54,63,
14,17,31,63,70,
16,19,46,60,63,
2,6,25,42,49,
12,31,35,62,64,
14,18,30,35,65,
13,40,54,62,69,
12,19,33,36,59,
7,22,26,47,53,
14,20,40,45,67,
4,9,42,47,54,
13,20,27,47,70,
5,28,43,48,52,
11,14,40,43,51,
3,26,40,42,53,
12,15,22,40,45,
14,15,46,51,61,
15,17,51,62,70,
15,19,43,62,68,
15,18,35,40,64,
7,21,26,40,48,
12,23,27,44,60,
15,36,51,62,67,
17,19,53,62,66,
12,18,34,43,69,
17,48,51,57,60,
2,6,22,47,51,
2,21,24,45,47,
14,18,45,63,70,
15,20,29,45,62,
12,39,41,43,68,
13,35,40,43,64,
1,22,26,43,45,
6,24,27,43,53,
14,18,33,36,61,
11,19,28,46,49,
14,46,48,57,69,
7,20,28,43,54,
12,15,36,57,61,
12,35,40,47,70,
12,17,42,46,59,
12,33,38,65,68,
14,19,35,62,66,
4,22,43,47,52,
13,31,46,48,62,
12,27,46,49,61,
3,7,23,46,52,
14,16,33,36,47,
12,17,31,33,64,
1,9,25,28,52,
14,32,37,43,70,
16,18,40,45,65,
11,18,32,35,62,
11,14,33,36,43,
2,20,29,52,57,
12,44,45,63,65,
2,4,20,29,41,
13,21,28,48,69,
14,16,35,40,43,
14,16,41,43,60,
11,42,46,52,63,
12,14,25,27,40,
4,29,46,53,57,
2,20,23,45,54,
13,36,40,49,61,
4,26,45,47,54,
13,16,43,52,62,
12,17,41,60,66,
15,33,46,60,68,
12,19,23,25,42,
12,20,41,45,67,
12,14,41,61,63,
15,18,30,37,45,
1,20,27,48,57,
12,18,45,48,57,
11,15,20,47,60,
7,20,29,40,42,
15,18,35,44,46,
15,27,40,49,68,
12,16,43,57,65,
14,37,47,60,67,
13,16,20,45,63,
15,24,47,60,65,
4,9,20,24,51,
14,18,43,51,70,
5,28,48,53,57,
12,26,29,45,63,
2,4,25,46,53,
14,32,47,63,67,
11,14,41,49,62,
15,40,42,63,68,
12,15,41,43,54,
12,14,47,57,70,
4,6,26,29,53,
2,7,28,43,48,
13,38,40,65,67,
4,8,21,42,51,
14,17,28,49,64,
12,16,35,57,65,
14,41,53,65,70,
14,32,45,47,66,
12,17,44,60,69,
1,25,28,46,49,
12,37,40,45,64,
7,20,24,40,51,
1,20,24,42,47,
1,6,20,44,49,
14,43,48,53,62,
13,18,38,65,70,
7,26,40,49,54,
15,26,49,62,66,
7,21,40,42,54,
2,6,27,29,42,
12,14,31,37,64,
15,32,37,63,68,
2,7,40,43,54,
1,8,40,45,53,
2,9,40,51,54,
16,19,40,47,60,
12,14,33,35,66,
13,23,42,45,64,
15,19,45,58,62,
1,7,24,27,42,
12,35,49,62,68,
13,33,40,48,69,
11,32,39,42,63,
13,15,34,40,62,
11,13,21,42,60,
4,22,40,43,53,
10,34,39,53,69,
1,9,26,28,54,
2,4,29,42,57,
1,3,20,27,52,
12,17,37,44,65,
15,17,40,52,66,
16,19,33,38,45,
4,6,27,47,54,
13,17,35,48,62,
15,22,26,45,63,
17,42,45,62,68,
14,17,31,41,66,
1,22,42,49,52,
13,18,39,41,68,
12,15,44,47,62,
3,6,20,41,52,
13,19,34,40,63,
2,9,24,42,49,
7,9,20,41,54,
11,14,47,51,62,
1,3,26,47,52,
16,31,32,57,69,
13,22,40,42,69,
14,36,51,57,61,
15,18,24,27,42,
17,32,42,46,61,
2,23,26,51,54,
13,15,40,59,62,
13,31,36,40,66,
12,18,43,45,64,
11,18,47,51,60,
7,24,28,47,57,
5,7,28,43,54,
12,45,46,53,67,
12,15,39,46,48,
1,24,28,46,49,
14,17,35,44,63,
13,16,45,57,62,
4,8,27,46,53,
14,43,48,52,63,
14,40,45,66,69,
14,45,47,57,68,
16,31,37,49,62,
13,15,44,47,62,
13,44,46,57,65,
4,9,41,44,51,
13,34,49,60,62,
2,27,41,44,51,
12,37,45,53,58,
1,4,22,47,53,
12,16,40,63,69,
15,33,39,46,48,
13,18,26,42,67,
15,20,42,63,66,
13,16,38,49,65,
16,46,52,63,69,
7,25,28,52,57,
15,30,46,62,69,
15,17,28,44,49,
15,42,47,53,66,
12,15,47,57,64,
6,20,25,49,57,
13,18,52,63,66,
13,32,39,61,62,
12,19,42,47,61,
12,15,28,41,48,
6,9,22,27,49,
14,18,49,59,63,
15,17,32,38,64,
12,15,37,46,61,
15,32,40,62,67,
12,30,35,45,62,
14,17,27,45,64,
14,21,26,48,69,
15,42,46,57,59,
12,28,46,65,67,
11,38,43,60,69,
4,7,20,41,54,
5,20,26,41,44,
14,18,47,53,66,
12,16,35,40,45,
15,18,30,46,69,
15,19,32,40,64,
13,19,38,39,68,
6,9,24,28,45,
13,15,26,43,70,
13,17,42,46,59,
5,21,42,44,57,
12,45,47,62,66,
6,20,23,45,48,
15,42,46,62,67,
4,27,40,48,51,
15,34,38,62,69,
16,19,37,43,60,
2,4,28,57,59,
4,8,23,26,47,
12,34,38,43,69,
15,19,38,43,70,
13,42,43,60,61,
4,8,23,28,45,
16,41,43,52,60,
17,40,42,51,68,
16,40,51,53,65,
17,22,42,45,69,
4,21,45,51,54,
13,20,22,40,69,
17,30,35,46,65,
13,16,40,49,62,
14,19,38,49,70,
11,32,36,43,60,
15,18,42,45,66,
2,26,44,47,51,
13,34,37,60,69,
15,30,32,43,65,
12,17,30,39,62,
15,19,40,46,64,
12,17,36,67,69,
14,40,47,65,67,
2,7,26,29,43,
15,36,46,64,69,
4,22,41,47,51,
5,9,20,24,47,
7,20,24,43,49,
1,6,22,28,49,
3,7,28,43,46,
2,26,42,57,59,
12,31,35,41,64,
11,14,37,47,60,
14,19,37,62,68,
14,20,27,41,48,
11,14,41,53,60,
6,20,27,41,44,
14,38,45,47,67,
17,19,27,60,66,
3,9,20,46,49,
2,7,29,42,46,
4,21,27,46,48,
12,41,43,52,68,
12,16,35,41,65,
12,18,31,34,45,
13,30,36,46,65,
4,28,45,57,59,
10,16,31,65,69,
5,7,24,40,47,
15,23,27,60,70,
12,30,35,42,47,
14,43,47,51,64,
10,13,45,64,65,
17,46,48,60,69,
11,19,40,46,65,
14,33,36,43,64,
5,21,45,48,52,
15,49,54,57,62,
1,22,28,42,45,
12,23,29,42,69,
17,41,52,54,60,
15,40,46,65,70,
13,43,46,65,70,
1,3,20,43,52,
5,7,24,41,52,
13,24,26,47,65,
5,20,41,43,54,
5,26,41,46,54,
2,23,42,52,59,
2,20,43,53,59,
13,20,23,42,68,
17,19,49,60,66,
12,17,44,46,53,
4,28,45,54,57,
14,19,49,62,70,
12,17,42,48,65,
13,31,46,60,68,
14,32,39,43,68,
17,40,52,59,69,
14,39,49,62,68,
14,15,47,53,70,
12,38,42,47,61,
12,21,45,65,68,
14,19,30,40,49,
2,6,29,40,49,
2,22,27,49,57,
17,40,44,60,65,
14,16,23,45,60,
17,19,28,42,64,
14,20,42,47,67,
11,13,26,43,60,
12,42,46,57,67,
15,17,46,52,59,
14,33,41,64,69,
12,16,20,45,47,
12,19,41,47,68,
5,21,28,44,52,
17,19,42,60,70,
1,22,26,45,49,
14,20,41,45,70,
12,15,36,41,64,
14,30,35,41,47,
15,37,45,62,66,
14,19,45,63,64,
12,18,31,38,67,
7,26,29,40,45,
11,36,39,43,60,
1,9,24,26,42,
5,8,26,47,49,
6,20,41,45,54,
16,27,45,62,65,
6,25,28,42,51,
7,9,27,44,52,
15,40,52,57,70,
4,7,25,47,52,
12,14,41,63,70,
1,7,20,24,47,
14,35,45,50,67,
15,41,54,57,60,
12,15,26,41,44,
2,5,22,41,49,
14,35,43,62,64,
16,35,47,49,62,
3,20,28,43,51,
5,20,22,46,51,
15,17,32,44,63,
13,19,21,26,48,
11,15,21,26,42,
5,26,44,46,57,
13,21,27,42,66,
15,17,49,60,68,
15,47,54,60,62,
14,38,45,49,64,
16,33,39,45,62,
2,9,27,43,54,
4,9,20,41,48,
14,25,28,46,69,
7,21,40,44,53,
13,18,31,41,64,
15,18,45,57,66,
12,27,41,45,64,
14,26,43,45,61,
2,24,27,45,47,
15,41,57,60,68,
16,45,57,60,62,
13,35,44,46,69,
17,32,34,49,62,
11,20,26,47,65,
2,20,22,41,47,
13,18,41,48,65,
14,43,57,60,67,
3,5,20,28,40,
13,17,42,62,67,
11,19,32,40,51,
1,8,20,28,49,
2,20,29,43,46,
14,18,41,52,67,
16,32,36,43,65,
15,18,45,47,64,
1,27,42,48,53,
15,40,45,57,66,
12,31,37,43,68,
15,21,28,42,64,
15,26,40,45,68,
17,32,39,48,62,
15,18,39,60,64,
13,30,39,43,46,
3,9,20,42,52,
14,17,48,63,65,
2,24,27,47,49,
13,34,37,42,60,
13,17,40,48,52,
16,18,41,51,53,
12,17,43,48,60,
4,8,40,47,53,
14,19,22,40,65,
12,20,24,45,47,
6,22,26,41,53,
14,16,45,47,63,
12,15,28,47,68,
16,20,23,45,49,
12,19,43,60,70,
14,20,23,45,68,
15,20,49,62,68,
4,6,27,49,54,
12,14,21,25,42,
7,9,20,24,43,
4,7,25,46,57,
1,7,41,48,52,
15,32,41,46,68,
13,18,47,53,68,
15,45,47,62,64,
12,15,40,49,68,
13,31,38,62,67,
15,18,42,47,70,
14,19,41,45,68,
15,17,42,54,63,
5,20,44,46,53,
3,20,23,49,52,
14,19,41,57,64,
15,39,53,56,70,
12,37,44,47,69,
4,8,21,23,45,
12,19,29,40,49,
4,6,25,46,53,
13,18,32,37,48,
3,20,27,41,46,
1,26,42,53,59,
14,19,21,42,68,
15,22,41,49,60,
17,19,40,51,68,
13,16,40,53,57,
5,20,41,48,53,
16,42,47,57,65,
12,19,32,47,70,
1,20,41,48,53,
16,19,33,45,62,
11,21,26,42,69,
1,4,25,45,52,
5,9,26,47,54,
1,4,22,26,51,
2,6,22,45,51,
16,33,42,63,69,
2,20,23,41,48,
14,31,39,44,46,
8,20,43,46,51,
12,41,44,62,65,
10,12,39,53,59,
13,40,49,63,70,
17,19,46,65,68,
14,30,41,49,62,
2,6,22,49,51,
7,9,28,41,54,
17,35,42,63,66,
5,24,40,52,57,
4,27,46,49,54,
12,19,27,44,62,
4,8,27,40,43,
13,42,47,51,66,
14,31,36,47,64,
14,26,40,67,69,
14,17,42,61,63,
4,9,28,51,54,
12,18,47,65,70,
16,19,23,28,60,
5,28,42,57,59,
16,19,41,47,52,
14,18,45,47,54,
2,4,24,51,57,
1,20,46,49,54,
12,35,47,51,70,
14,16,43,47,65,
14,33,37,60,68,
14,27,41,45,66,
15,20,49,62,70,
14,23,26,45,67,
5,8,20,23,42,
15,18,35,40,66,
6,8,40,51,53,
14,35,49,50,59,
16,18,39,49,53,
17,42,44,60,65,
11,15,20,40,69,
15,19,33,38,64,
12,18,34,39,69,
7,21,44,46,52,
5,8,28,53,57,
13,19,48,60,63,
12,46,51,63,70,
12,44,49,57,65,
17,19,45,62,66,
17,20,26,45,66,
14,43,45,63,68,
5,8,23,42,47,
7,9,24,40,45,
12,16,20,49,63,
13,17,20,44,49,
14,31,36,41,44,
12,18,40,53,59,
15,30,37,42,46,
1,20,28,41,44,
1,4,21,27,54,
12,17,39,46,48,
2,8,23,42,47,
13,18,39,44,46,
15,30,38,62,69,
2,7,22,40,51,
12,16,23,27,60,
6,9,24,49,51,
5,8,27,46,57,
15,31,53,54,62,
13,24,26,41,45,
4,7,41,44,57,
12,34,39,43,46,
2,26,29,43,46,
13,17,38,48,60,
11,19,40,42,65,
17,31,43,60,64,
14,43,48,60,65,
1,20,28,41,54,
14,17,32,49,68,
13,30,36,62,65,
5,20,41,46,54,
14,17,41,51,64,
13,25,28,40,42,
1,26,41,44,53,
11,19,32,38,43,
12,15,36,41,70,
12,43,48,52,57,
5,7,26,40,44,
13,47,51,62,64,
14,16,33,39,42,
13,20,26,43,66,
2,20,23,52,59,
11,17,38,45,60,
13,20,24,40,65,
15,17,42,63,70,
7,21,25,40,52,
13,17,26,48,69,
2,7,23,44,51,
12,18,39,43,61,
15,20,22,46,69,
14,38,45,63,68,
15,41,46,54,69,
15,37,46,65,68,
7,20,23,47,54,
1,23,26,48,52,
16,41,49,52,62,
16,20,41,49,65,
17,26,49,65,68,
13,26,49,62,70,
15,46,53,59,62,
2,27,40,51,54,
17,46,49,65,70,
14,16,43,45,65,
16,31,37,40,65,
15,26,41,65,70,
12,19,49,63,64,
12,18,20,27,61,
4,25,40,53,57,
13,22,28,41,45,
12,16,47,60,69,
7,23,28,51,54,
15,18,43,48,53,
2,8,23,52,57,
16,32,37,46,49,
17,19,40,53,68,
14,31,38,63,70,
17,32,39,44,45,
17,26,45,60,66,
14,19,22,47,60,
2,23,40,49,54,
12,15,20,24,47,
3,20,23,40,53,
5,9,28,40,44,
17,22,28,42,49,
14,45,47,57,64,
15,32,35,62,70,
14,18,43,49,64,
14,40,43,51,68,
14,26,29,45,62,
1,27,40,48,53,
7,25,28,43,46,
13,19,40,62,66,
12,21,26,45,68,
11,18,49,52,63,
14,16,31,33,63,
17,40,44,51,53,
13,16,32,33,65,
17,40,45,66,69,
14,35,41,46,61,
14,43,46,67,69,
12,30,47,60,69,
1,7,24,27,40,
14,33,43,49,68,
16,19,28,46,49,
4,21,24,46,51,
11,14,33,49,62,
2,21,29,42,45,
17,31,36,41,48,
4,26,29,46,53,
17,40,49,54,60,
15,45,47,62,68,
15,41,49,60,66,
6,8,28,49,51,
12,19,43,47,54,
17,36,42,63,66,
8,21,28,41,51,
14,36,53,55,67,
6,20,27,44,49,
12,17,35,40,61,
7,9,40,44,52,
14,16,46,57,65,
2,4,26,29,43,
13,17,36,40,48,
14,43,48,62,65,
2,21,26,48,51,
14,19,42,63,70,
12,29,40,49,60,
16,19,38,40,49,
12,17,47,51,66,
4,26,41,48,53,
11,14,28,47,60,
13,46,51,57,68,
13,18,41,52,68,
7,20,41,48,52,
14,17,32,63,66,
2,21,44,46,53,
4,28,49,57,59,
14,41,46,51,68,
13,18,22,45,60,
1,7,21,42,54,
1,7,28,40,54,
15,18,42,49,64,
15,17,40,45,66,
13,19,38,41,70,
2,23,41,45,54,
3,20,42,46,53,
4,9,23,27,54,
14,19,28,41,64,
15,20,40,61,69,
4,9,40,48,53,
1,4,26,29,46,
15,18,35,43,48,
13,16,42,45,62,
5,24,42,46,51,
12,41,54,63,65,
14,44,49,63,69,
13,40,44,52,57,
14,19,30,38,49,
5,26,47,52,54,
13,15,32,38,68,
4,20,27,43,54,
14,17,40,51,66,
14,17,28,61,65,
1,9,24,28,51,
14,35,38,45,70,
16,36,40,45,69,
1,4,25,42,49,
1,26,44,49,52,
4,6,29,41,51,
14,28,41,49,70,
2,4,29,40,51,
15,42,46,54,57,
15,38,44,63,69,
13,38,42,48,65,
12,43,46,53,68,
13,40,43,54,69,
15,29,40,42,69,
15,30,38,42,69,
15,17,24,26,42,
14,19,43,45,68,
14,41,52,59,62,
13,18,30,60,69,
12,16,26,41,49,
14,36,43,49,68,
13,36,41,44,63,
6,24,28,47,51,
14,16,31,39,47,
13,15,40,43,66,
2,24,43,53,57,
15,33,45,48,62,
16,38,49,60,63,
14,17,31,62,66,
1,4,23,42,48,
7,23,41,44,52,
13,15,49,62,70,
13,16,31,38,43,
14,17,39,42,64,
12,39,41,60,66,
14,41,47,52,67,
5,23,46,48,52,
2,23,25,40,53,
4,8,21,43,45,
1,8,21,26,53,
1,4,21,25,42,
14,32,35,41,48,
2,6,22,41,49,
2,27,29,40,49,
12,21,27,42,61,
14,37,45,60,61,
2,9,42,53,59,
7,21,24,42,52,
2,20,45,47,54,
4,9,25,40,42,
4,9,25,49,52,
4,22,28,43,51,
16,19,40,46,53,
17,31,36,46,70,
17,19,40,60,70,
2,23,44,46,53,
15,26,28,44,47,
4,26,41,44,51,
4,26,41,52,59,
2,8,20,47,51,
2,8,27,52,57,
2,9,24,27,52,
11,13,40,46,51,
14,39,44,49,62,
14,46,54,63,65,
7,21,28,42,48,
14,40,47,51,61,
17,41,48,52,69,
11,20,42,63,69,
1,8,27,40,53,
13,24,26,43,65,
2,9,20,27,44,
11,15,46,53,62,
1,9,20,22,45,
1,8,26,43,52,
14,38,46,61,69,
13,18,48,51,63,
15,24,27,40,49,
12,37,47,60,70,
15,18,45,48,69,
1,7,26,48,53,
3,21,28,49,52,
12,24,41,45,69,
15,18,33,35,48,
17,20,26,45,64,
12,19,37,41,44,
11,33,39,60,62,
4,9,21,42,44,
15,17,46,64,69,
2,27,44,51,57,
10,11,32,35,65,
12,13,39,55,70,
15,19,40,45,68,
15,36,47,60,64,
11,14,43,47,60,
4,7,29,40,42,
11,14,43,51,62,
15,17,46,48,52,
15,18,42,57,67,
12,37,46,65,68,
5,9,28,45,54,
3,6,23,42,52,
8,26,41,51,53,
12,14,31,41,48,
11,14,26,49,62,
17,36,39,41,64,
1,5,24,26,40,
2,9,22,27,57,
12,14,31,57,61,
12,37,44,46,65,
1,24,28,41,49,
12,42,46,61,65,
2,24,41,49,52,
3,28,40,51,53,
12,32,41,47,70,
2,22,43,49,51,
12,19,46,60,67,
14,39,41,49,64,
15,34,43,46,69,
17,42,47,60,68,
12,30,38,45,49,
2,7,21,44,49,
1,9,20,42,48,
1,5,22,41,52,
2,6,22,53,57,
12,16,32,41,45,
5,7,20,44,57,
14,17,32,43,66,
5,20,43,48,52,
13,39,50,53,66,
4,9,22,27,43,
5,9,24,26,41,
11,14,37,46,60,
8,23,40,45,52,
2,7,22,26,41,
13,17,47,60,70,
11,45,49,52,56,
4,21,44,49,57,
2,7,23,26,44,
12,15,46,57,61,
1,4,22,47,51,
1,5,28,45,54,
15,28,46,49,70,
15,35,38,63,70,
12,19,27,41,48,
11,14,41,60,62,
13,15,45,50,54,
5,20,22,41,52,
11,42,47,52,62,
2,5,22,46,57,
7,23,26,42,48,
14,47,53,63,66,
13,30,38,47,60,
4,26,29,43,45,
12,45,49,57,58,
16,19,33,49,62,
15,34,36,62,65,
7,21,46,48,51,
2,8,23,28,51,
11,14,28,62,69,
3,9,20,28,41,
14,40,43,53,67,
16,31,38,53,65,
15,27,43,48,60,
12,24,42,63,69,
14,18,34,39,43,
4,9,26,44,57,
17,32,38,45,61,
16,42,51,57,62,
3,20,27,41,52,
11,19,36,41,46,
17,19,42,57,68,
5,24,27,40,52,
13,16,23,28,60,
13,24,41,60,65,
2,8,21,47,52,
15,34,36,46,49,
4,9,20,23,48,
17,19,42,48,60,
12,20,40,45,67,
14,19,40,65,70,
15,35,41,46,70,
15,17,26,60,70,
12,16,33,36,63,
15,18,20,25,42,
14,17,43,48,69,
15,17,41,44,60,
14,20,43,67,69,
15,18,41,64,69,
1,26,29,43,52,
12,15,37,63,66,
15,42,57,62,66,
1,5,22,40,49,
5,9,20,22,43,
14,17,25,49,60,
11,18,33,45,60,
1,5,26,49,54,
14,31,47,69,70,
14,43,47,54,69,
15,20,46,49,61,
5,21,27,42,54,
17,36,42,61,63,
5,7,41,44,52,
12,46,53,57,61,
13,15,30,39,62,
14,19,35,62,64,
4,6,20,29,45,
13,20,46,64,69,
5,22,40,43,52,
15,27,40,44,69,
15,36,41,51,66,
14,30,31,57,69,
2,8,21,42,49,
2,6,27,54,57,
12,41,49,62,66,
12,38,42,49,61,
7,40,46,51,54,
16,31,43,62,69,
14,32,35,47,70,
14,43,47,60,64,
14,38,49,64,69,
14,16,31,40,47,
12,14,44,47,65,
1,8,21,42,49,
4,20,29,41,51,
12,19,40,47,66,
12,33,35,44,60,
3,6,21,26,45,
10,13,35,52,61,
12,20,29,63,69,
14,36,43,46,67,
13,32,34,40,63,
3,28,42,47,57,
12,26,44,47,69,
14,39,48,62,65,
11,14,40,60,69,
8,21,27,42,49,
13,17,30,60,62,
15,19,41,62,66,
13,19,21,48,60,
7,23,28,41,44,
12,17,32,43,48,
8,23,46,49,52,
6,22,26,47,49,
17,46,49,54,69,
11,12,33,45,52,
14,30,37,42,69,
1,24,28,46,53,
4,7,21,51,54,
12,32,43,49,70,
14,40,42,63,67,
12,39,45,55,64,
2,7,22,41,46,
15,19,38,47,68,
15,44,46,51,62,
13,16,20,23,42,
14,40,49,67,69,
13,32,34,41,43,
14,17,26,29,60,
15,23,42,48,65,
12,30,37,60,65,
12,32,37,41,66,
12,20,24,47,65,
8,23,26,45,51,
14,17,42,63,66,
5,20,43,51,54,
7,24,26,40,47,
4,25,28,46,57,
14,19,29,45,62,
14,16,45,60,63,
17,19,32,42,64,
4,6,25,42,57,
16,36,38,45,69,
14,19,48,51,55,
3,23,28,49,52,
16,18,31,45,47,
16,19,32,43,46,
2,26,29,40,45,
15,42,47,62,68,
11,18,31,36,46,
10,13,39,49,68,
17,46,49,64,69,
14,27,40,49,68,
13,32,37,46,64,
4,8,23,42,45,
14,35,49,55,64,
13,35,38,42,68,
14,33,44,47,60,
17,34,41,49,60,
14,15,47,52,59,
2,7,20,47,59,
12,15,24,45,63,
16,32,43,45,62,
3,6,21,42,49,
4,7,26,43,48,
4,21,27,44,57,
14,18,37,45,48,
16,31,46,51,65,
13,40,49,57,70,
4,21,27,44,52,
6,25,28,45,47,
14,17,36,45,64,
1,20,28,49,59,
15,17,32,40,66,
14,27,29,60,62,
6,8,27,51,53,
8,21,27,42,47,
13,15,30,45,62,
13,19,34,60,62,
1,8,42,47,52,
6,25,42,49,53,
5,7,40,49,54,
4,6,20,29,43,
14,17,20,49,64,
13,26,29,62,65,
15,26,42,63,68,
7,21,24,46,52,
8,23,28,49,52,
12,27,46,49,66,
15,18,42,48,69,
11,15,46,57,60,
11,15,42,46,62,
1,20,24,45,51,
12,43,54,65,69,
4,22,27,41,43,
15,40,42,65,68,
12,19,41,44,60,
13,18,31,46,70,
15,17,51,62,66,
12,23,29,60,65,
7,23,26,44,51,
14,26,29,45,63,
12,44,51,57,62,
13,18,45,48,57,
13,44,49,60,63,
15,28,44,49,62,
14,37,42,45,66,
15,18,39,63,68,
16,18,42,47,51,
17,44,47,60,65,
13,16,42,45,63,
3,5,23,26,42,
17,19,42,46,64,
16,19,43,52,57,
3,6,27,42,47,
13,37,51,54,60,
13,20,28,40,67,
12,19,27,44,46,
14,18,31,47,66,
2,5,28,41,54,
17,31,36,62,64,
2,4,29,43,47,
12,31,33,41,70,
5,9,20,43,48,
5,8,41,45,52,
14,41,44,62,69,
15,19,28,40,44,
15,19,38,40,66,
15,36,41,49,54,
15,18,31,62,67,
4,25,40,42,51,
15,39,50,58,69,
7,22,28,46,51,
7,22,28,40,51,
13,15,28,44,62,
2,5,23,44,46,
7,22,26,51,57,
5,9,23,28,44,
13,18,48,51,62,
15,32,36,43,59,
12,34,39,41,53,
2,6,25,49,51,
14,16,26,45,47,
13,40,42,63,66,
15,23,42,60,70,
5,7,24,43,46,
7,26,47,52,59,
14,16,27,46,49,
3,21,27,40,52,
13,19,40,49,68,
12,19,46,63,68,
11,36,40,62,69,
8,20,42,45,57,
2,24,27,41,51,
4,23,42,44,51,
11,36,39,50,53,
11,17,36,60,62,
14,20,41,66,69,
13,31,52,63,70,
15,18,30,43,45,
2,6,27,41,48,
13,26,28,43,67,
5,24,42,49,57,
12,39,47,60,64,
15,26,29,47,60,
13,31,46,62,66,
14,27,46,49,67,
13,35,47,62,70,
14,17,28,44,49,
15,38,43,49,64,
13,15,35,56,64,
1,5,24,28,45,
13,15,20,43,66,
5,7,22,28,43,
15,17,42,57,64,
12,18,47,49,61,
2,5,28,47,54,
12,13,44,45,57,
15,40,45,62,66,
6,8,21,28,49,
13,15,46,59,62,
13,31,43,46,68,
6,8,27,46,51,
14,38,44,63,65,
15,20,24,49,62,
11,33,35,42,62,
13,32,47,60,66,
4,20,23,48,57,
12,15,30,41,47,
15,17,24,26,49,
6,24,41,51,53,
15,40,44,53,62,
1,9,22,45,52,
13,43,46,60,70,
12,46,53,57,70,
12,25,42,49,63,
15,20,44,47,69,
4,26,29,46,57,
12,16,47,53,57,
12,15,25,40,69,
1,20,41,52,54,
14,40,42,57,59,
13,16,37,46,49,
12,17,28,49,67,
12,14,30,45,47,
12,14,29,41,60,
2,7,25,28,47,
8,23,42,49,53,
14,16,46,57,69,
2,9,20,45,54,
15,33,42,47,64,
5,27,40,46,54,
1,7,22,26,57,
7,21,23,42,54,
12,18,45,59,63,
2,5,21,46,48,
12,17,27,48,69,
3,26,28,47,57,
13,18,27,29,60,
14,38,45,47,68,
4,9,25,46,52,
1,3,20,28,45,
12,35,47,62,66,
1,5,22,40,45,
6,24,26,41,45,
12,14,46,63,67,
7,23,27,44,52,
15,48,53,62,65,
2,23,26,48,53,
3,20,28,40,47,
12,21,28,44,49,
13,31,36,57,66,
14,17,41,44,53,
1,26,29,41,52,
12,43,49,52,61,
15,35,40,62,70,
14,40,43,60,67,
15,18,39,60,66,
1,20,25,46,49,
12,34,42,45,63,
15,17,46,52,67,
12,25,40,42,69,
16,41,47,51,60,
15,19,36,46,68,
12,31,33,42,66,
15,19,30,40,46,
12,17,30,42,65,
1,21,42,48,51,
15,31,36,40,66,
12,17,35,45,66,
4,21,45,48,53,
14,36,48,63,69,
2,7,23,29,52,
15,20,41,49,66,
14,34,41,62,69,
12,33,52,61,69,
17,31,42,54,65,
13,23,28,42,67,
15,36,45,56,67,
16,47,52,53,69,
14,19,24,41,49,
2,6,25,46,51,
14,31,40,49,68,
15,17,43,48,60,
4,7,24,41,43,
14,39,45,62,66,
14,41,49,57,70,
4,6,29,46,53,
8,26,28,49,57,
1,5,20,26,59,
15,40,43,52,64,
5,8,20,47,49,
4,8,27,40,47,
14,46,49,60,67,
5,8,20,46,57,
16,20,23,45,69,
11,35,46,60,62,
5,20,29,40,49,
13,31,36,63,64,
2,5,21,26,59,
11,14,32,39,62,
5,7,26,41,48,
5,9,22,41,52,
16,45,52,57,63,
1,24,26,47,51,
4,9,25,42,53,
14,18,37,48,69,
15,22,27,46,65,
12,39,41,46,64,
12,16,35,37,46,
14,41,52,57,68,
4,20,24,43,45,
13,22,28,47,65,
2,6,24,43,51,
12,37,39,46,70,
15,17,40,42,54,
2,9,22,47,53,
4,20,29,43,53,
4,7,20,25,46,
16,38,41,60,69,
17,46,48,51,69,
6,8,41,45,52,
12,15,23,45,66,
12,19,22,47,69,
2,7,29,40,57,
5,26,29,46,53,
1,20,29,42,46,
14,20,47,49,61,
2,9,24,42,51,
7,22,27,40,52,
5,8,23,26,49,
17,19,40,42,67,
8,23,27,42,47,
15,40,49,60,66,
17,32,36,63,70,
5,25,28,52,57,
13,43,52,57,68,
5,8,20,49,57,
3,20,28,47,49,
15,34,46,63,69,
5,24,40,51,53,
12,18,41,45,67,
13,19,24,27,46,
11,14,20,40,65,
13,19,38,41,66,
13,17,46,60,68,
7,24,41,46,53,
13,43,46,54,65,
13,33,38,42,64,
14,19,46,65,68,
15,19,40,46,70,
4,26,29,40,47,
4,21,26,47,54,
12,19,41,60,66,
7,28,41,44,51,
12,13,43,53,64,
17,42,52,57,70,
15,17,20,22,49,
15,36,39,62,64,
12,14,30,43,65,
14,17,32,47,64,
13,15,33,40,48,
7,26,29,40,49,
15,42,49,62,66,
1,22,28,49,52,
14,18,45,59,63,
14,17,35,60,67,
12,17,35,38,61,
5,24,26,43,46,
15,31,40,65,68,
11,15,35,40,62,
14,30,43,45,63,
2,4,29,41,43,
6,9,24,26,51,
17,40,44,51,69,
12,14,45,62,67,
14,18,32,61,69,
14,41,47,53,70,
2,24,47,49,52,
4,7,22,47,57,
15,19,36,62,68,
16,47,52,63,65,
16,38,45,51,53,
13,45,54,57,62,
16,23,27,42,60,
4,9,24,43,53,
12,16,42,45,63,
17,40,52,65,68,
15,17,30,32,42,
12,33,37,45,64,
15,46,49,60,70,
14,19,42,48,63,
15,32,38,63,70,
4,21,24,43,53,
3,5,20,26,43,
16,41,53,62,65,
5,8,21,40,52,
14,20,49,63,67,
15,35,40,43,66,
17,43,45,60,70,
12,14,33,37,70,
12,15,21,44,60,
12,17,32,44,65,
4,8,23,47,53,
12,37,40,45,68,
10,34,39,49,65,
5,7,23,44,52,
13,32,46,62,67,
14,43,57,60,66,
15,24,27,46,60,
4,7,21,40,54,
13,46,51,63,70,
13,43,46,60,66,
1,8,20,43,53,
7,20,22,46,53,
14,41,52,57,66,
7,24,42,47,51,
5,8,40,49,52,
1,26,48,52,57,
12,24,42,47,65,
1,3,26,42,51,
14,17,24,49,69,
16,40,43,52,69,
15,19,26,44,62,
13,26,44,47,69,
11,36,46,60,69,
11,38,45,47,60,
12,37,44,60,63,
4,27,43,45,54,
8,23,26,41,51,
14,33,46,65,70,
16,28,41,60,65,
11,17,51,60,62,
13,35,38,42,48,
4,9,24,26,57,
16,42,49,60,63,
14,40,53,61,63,
5,23,42,48,57,
14,37,39,44,47,
14,31,37,40,48,
14,20,27,41,66,
13,28,43,45,66,
1,23,26,42,54,
2,26,29,43,49,
6,20,27,44,53,
11,18,40,52,65,
14,16,46,63,69,
1,20,44,47,52,
12,37,47,60,67,
14,41,47,52,61,
13,15,42,46,64,
13,40,45,63,70,
4,28,48,53,57,
14,40,53,59,63,
16,18,26,49,65,
4,20,23,45,48,
6,27,40,48,51,
8,21,26,51,57,
13,35,45,56,64,
14,33,35,68,69,
10,31,35,65,70,
12,20,25,47,60,
12,19,40,54,57,
13,37,44,47,60,
13,18,44,57,65,
13,18,42,61,69,
4,20,29,43,52,
6,25,42,47,52,
12,18,39,45,66,
17,41,49,60,70,
5,28,44,46,51,
12,37,42,63,68,
14,37,42,44,65,
15,47,52,53,64,
16,19,38,40,45,
13,18,41,65,70,
1,5,26,41,54,
1,7,20,29,40,
12,16,40,47,53,
13,19,31,46,58,
13,18,47,51,64,
2,21,24,47,52,
12,30,33,60,63,
13,17,32,41,64,
11,33,36,41,60,
13,20,28,41,67,
13,17,48,53,62,
12,16,33,40,65,
14,17,49,57,64,
1,20,45,48,52,
13,21,44,60,69,
17,44,46,51,60,
11,18,40,45,53,
3,20,28,42,57,
1,3,20,41,52,
14,16,23,49,60,
12,17,34,42,69,
15,20,45,48,62,
13,40,57,60,70,
1,5,20,28,59,
15,42,47,59,62,
4,22,28,41,53,
14,27,48,62,65,
14,20,43,49,61,
12,18,41,53,64,
13,17,40,51,64,
17,42,46,64,69,
14,18,47,53,68,
7,23,26,42,54,
14,40,46,51,67,
12,19,38,41,68,
2,7,22,26,43,
13,16,20,47,69,
12,18,30,63,65,
4,6,27,29,46,
12,17,35,48,60,
14,17,42,44,63,
5,20,29,47,52,
12,19,32,41,44,
2,25,28,45,57,
4,20,43,49,54,
14,19,32,34,47,
15,40,47,54,60,
6,29,42,53,57,