4,24,27,33,38,
3,32,38,42,45,
5,7,29,40,68,
2,4,21,25,35,
2,7,24,28,43,
2,30,43,60,69,
3,7,21,24,36,
4,8,25,43,45,
8,20,22,47,63,
2,24,37,66,69,
9,22,32,45,70,
8,27,31,37,54,
3,20,35,46,48,
6,22,35,42,45,
2,6,25,33,36,
2,7,30,39,63,
1,8,22,26,31,
4,7,22,31,57,
1,5,34,52,58,
8,21,31,60,65,
7,22,31,52,57,
2,24,45,63,65,
3,8,28,39,46,
4,22,36,61,63,
2,23,33,36,58,
3,7,32,34,50,
6,30,45,49,69,
5,9,22,36,42,
1,5,22,42,60,
2,8,31,35,63,
4,7,30,46,61,
2,21,28,33,58,
6,22,28,31,33,
7,20,24,31,37,
2,7,24,40,61,
2,23,25,42,67,
5,25,36,63,70,
1,24,27,42,68,
7,30,38,45,69,
3,21,24,32,39,
9,22,39,45,70,
3,7,24,47,64,
5,8,23,30,51,
1,27,49,60,70,
4,20,25,45,63,
3,23,34,42,45,
1,7,20,34,65,
5,22,25,46,60,
5,25,32,60,64,
1,3,28,32,53,
4,28,34,63,65,
1,20,27,36,48,
5,30,42,63,66,
2,8,27,40,67,
4,27,31,48,63,
9,30,39,60,68,
7,21,25,32,60,
3,5,22,32,50,
5,21,31,60,68,
1,20,47,65,68,
7,25,29,42,64,
6,27,34,39,54,
8,23,28,33,53,
3,5,23,42,48,
5,22,36,46,69,
2,7,35,40,66,
4,24,27,37,39,
8,31,36,52,59,
2,22,32,37,51,
3,20,28,34,63,
8,20,31,39,59,
7,22,29,46,65,
3,23,39,60,68,
6,20,42,47,61,
2,22,39,60,63,
8,28,30,39,59,
4,6,33,49,70,
8,23,35,47,68,
8,25,31,33,46,
7,23,26,32,54,
5,32,36,48,63,
4,22,28,39,59,
4,9,29,33,58,
5,34,39,54,59,
6,22,24,45,47,
2,20,29,51,59,
3,24,33,38,69,
5,24,42,45,64,
5,8,25,35,38,
7,22,32,34,63,
5,22,40,49,65,
8,21,27,31,52,
3,8,28,33,38,
9,24,26,35,52,
2,29,42,61,63,
2,7,28,34,43,
3,23,34,42,60,
3,31,35,42,46,
7,26,31,34,59,
1,20,22,33,51,
7,20,23,39,54,
4,29,33,50,58,
7,9,20,31,58,
3,9,26,48,60,
8,29,32,38,51,
7,22,36,40,67,
2,9,25,27,52,
3,8,20,35,59,
4,25,34,49,63,
2,29,33,40,66,
6,25,32,35,61,
7,30,38,45,48,
7,20,30,43,69,
4,32,47,61,64,
2,29,38,47,65,
6,26,34,39,51,
2,9,20,31,48,
2,6,26,47,61,
4,9,24,28,39,
1,4,35,51,58,
7,31,37,52,54,
8,26,38,49,69,
2,8,25,51,57,
2,8,29,36,55,
3,20,33,46,66,
5,21,27,34,54,
3,20,30,38,69,
4,7,31,38,67,
7,24,29,36,55,
3,24,27,33,38,
2,21,25,30,49,
1,20,33,48,69,
4,6,25,31,33,
8,33,40,49,66,
9,26,29,35,52,
8,28,43,45,67,
3,20,32,51,57,
8,27,38,49,65,
4,20,25,43,45,
8,37,49,60,66,
3,7,24,32,59,
4,29,33,38,69,
5,9,27,30,42,
3,20,32,37,51,
5,20,25,43,60,
6,31,42,47,70,
5,24,34,38,65,
6,24,27,36,53,
7,26,43,48,65,
1,30,36,51,54,
7,29,34,36,63,
1,27,29,42,48,
4,35,42,46,67,
4,22,39,63,65,
9,33,36,53,58,
3,22,27,36,63,
1,5,27,30,54,
8,29,31,42,46,
5,28,35,54,59,
6,20,29,34,39,
8,20,32,37,47,
6,26,29,35,61,
4,22,31,39,50,
4,7,28,55,58,
7,24,26,37,58,
6,25,45,47,66,
8,31,38,48,69,
6,28,48,61,65,
8,22,33,46,49,
2,7,24,29,37,
6,25,42,49,70,
1,28,36,49,66,
2,8,25,43,69,
5,7,25,28,46,
2,5,21,24,47,
2,25,39,55,58,
2,29,34,36,57,
8,20,27,30,55,
7,9,39,48,68,
3,20,22,38,45,
4,29,32,34,57,
3,6,20,27,42,
8,27,36,38,67,
1,8,24,31,47,
5,26,40,65,68,
5,7,22,35,50,
3,5,32,54,57,
7,9,30,32,42,
4,8,20,43,61,
4,25,39,52,57,
2,6,24,29,31,
2,8,21,27,35,
8,31,36,43,66,
7,21,29,36,58,
2,22,33,53,59,
2,25,36,50,53,
1,24,32,61,69,
1,26,36,45,66,
4,34,39,53,57,
6,8,30,45,47,
4,25,32,38,45,
1,32,35,42,70,
1,30,36,49,66,
1,24,36,39,70,
4,24,31,45,64,
1,28,36,66,69,
5,24,35,50,53,
5,28,31,43,70,
4,7,23,30,45,
4,8,27,39,63,
3,22,28,43,47,
6,22,35,42,61,
7,26,30,45,63,
4,9,20,27,30,
7,25,30,32,55,
4,9,20,22,47,
8,20,24,35,55,
1,8,20,39,68,
5,8,31,40,42,
3,5,27,38,42,
1,24,26,31,52,
4,8,35,43,69,
4,8,29,53,57,
7,24,31,37,48,
9,22,28,31,36,
4,22,24,39,57,
6,27,33,36,58,
8,32,35,53,59,
2,20,35,63,66,
6,22,36,45,67,
4,23,29,35,42,
3,8,21,28,32,
4,6,35,39,48,
2,21,26,34,39,
2,4,33,55,58,
1,22,26,36,51,
3,32,37,42,68,
4,7,30,37,54,
3,23,28,32,35,
1,25,27,42,66,
7,22,38,60,69,
1,5,28,30,52,
2,4,21,31,34,
7,20,45,61,64,
9,20,24,42,61,
5,30,33,63,70,
8,35,37,51,54,
7,29,42,46,67,
3,22,28,51,57,
4,34,46,61,65,
6,33,39,60,67,
5,24,31,38,54,
5,22,31,60,64,
2,4,27,37,58,
7,20,25,31,46,
7,9,26,39,68,
7,22,49,64,67,
9,22,36,42,45,
7,22,36,40,47,
9,26,32,48,61,
7,24,31,46,48,
7,24,39,46,66,
3,20,24,35,43,
2,6,25,27,51,
6,26,29,35,51,
2,7,21,25,30,
2,21,29,34,42,
5,35,46,65,70,
4,8,35,39,59,
9,28,45,47,70,
2,21,24,34,45,
9,24,29,39,60,
9,32,34,47,60,
6,8,35,60,69,
4,27,40,65,70,
2,24,27,30,37,
5,25,39,48,64,
5,20,26,43,66,
2,7,26,29,55,
5,7,24,50,54,
2,21,34,49,65,
8,23,30,32,51,
9,24,45,60,65,
5,22,43,49,66,
2,20,33,55,58,
2,20,29,46,49,
1,4,25,39,68,
2,9,24,27,32,
3,8,27,37,42,
7,34,37,48,69,
5,9,33,52,58,
4,32,34,51,59,
7,27,30,52,59,
3,28,36,51,59,
6,36,47,65,70,
5,22,33,46,60,
3,26,37,52,54,
1,5,22,52,58,
5,27,30,37,58,
7,20,27,34,59,
7,25,47,64,66,
1,22,26,33,61,
4,23,28,39,68,
4,26,29,34,57,
4,25,45,63,66,
7,31,40,42,67,
7,23,27,32,48,
2,7,26,29,57,
2,22,29,37,45,
5,8,24,35,38,
9,24,27,39,60,
4,31,46,67,70,
5,22,35,43,60,
9,20,22,33,54,
6,8,29,32,45,
8,29,32,46,65,
2,5,21,52,58,
2,27,37,48,68,
9,22,28,32,47,
7,28,42,46,61,
4,27,34,61,64,
2,8,33,54,59,
1,32,34,42,49,
7,20,24,43,68,
9,26,30,47,49,
5,31,34,54,59,
6,24,27,49,65,
6,8,27,33,54,
2,23,36,51,58,
2,5,21,30,58,
9,22,27,34,39,
8,24,27,38,45,
2,8,21,26,31,
5,29,32,37,60,
3,9,20,36,52,
2,27,29,38,60,
7,21,28,30,58,
7,22,36,40,65,
8,31,39,47,64,
4,29,33,43,70,
4,20,23,39,61,
5,20,23,30,39,
7,29,38,51,58,
3,9,32,36,66,
3,5,20,24,46,
3,6,20,31,48,
2,22,24,31,37,
2,6,34,45,67,
7,30,45,64,66,
6,29,31,36,58,
4,23,29,31,48,
2,32,38,61,67,
6,8,36,51,53,
1,28,45,60,70,
8,20,23,49,65,
5,26,39,46,68,
6,22,24,31,33,
2,23,28,30,33,
7,36,39,64,68,
4,9,24,49,68,
8,28,45,60,63,
8,35,49,63,68,
5,25,28,38,68,
5,9,32,39,66,
6,24,26,39,49,
7,31,37,42,68,
2,29,36,53,55,
7,20,27,34,55,
3,26,35,38,67,
6,22,24,39,51,
7,20,36,54,57,
7,36,38,47,67,
4,27,43,68,70,
7,26,45,64,66,
3,8,23,35,42,
6,25,33,49,60,
1,5,22,26,54,
3,26,40,47,65,
5,23,42,66,69,
1,28,36,60,67,
9,26,30,45,49,
5,35,46,60,70,
8,20,27,31,38,
7,28,37,53,58,
7,20,27,46,70,
8,28,33,43,48,
4,7,36,43,67,
1,3,20,39,52,
3,24,32,52,59,
5,23,34,47,66,
2,4,31,37,61,
5,29,33,38,48,
7,9,22,27,34,
1,26,39,47,66,
8,23,39,45,66,
4,35,37,49,70,
4,21,39,52,54,
2,9,26,29,60,
2,6,33,35,58,
2,23,30,49,67,
8,23,26,35,53,
5,24,34,64,69,
1,3,26,42,45,
6,24,35,48,69,
2,5,28,34,59,
4,8,29,31,46,
3,26,46,65,69,
3,26,48,63,65,
7,27,34,40,48,
4,7,21,27,58,
4,9,24,51,53,
8,30,35,63,69,
4,8,23,28,33,
1,5,28,30,49,
5,22,26,31,57,
8,23,47,60,69,
5,28,42,61,63,
3,6,28,33,39,
4,33,40,47,61,
8,26,33,43,68,
6,32,49,61,70,
2,5,21,24,42,
1,5,28,42,48,
2,24,37,51,54,
4,22,29,40,65,
3,33,38,47,70,
1,4,32,48,67,
1,22,24,36,49,
4,23,35,45,48,
6,24,29,32,53,
4,22,43,67,69,
8,27,34,40,49,
4,25,31,34,63,
3,7,27,38,58,
7,9,28,34,36,
4,6,25,27,32,
3,27,32,37,54,
5,26,42,61,64,
9,24,26,32,35,
1,20,34,39,42,
5,21,24,42,70,
4,8,33,54,57,
2,4,29,37,60,
1,5,34,42,65,
4,8,21,25,52,
4,9,30,39,48,
5,22,35,37,60,
7,24,31,55,58,
4,22,37,45,68,
4,9,24,33,49,
1,5,24,26,36,
5,26,29,38,42,
2,8,35,46,49,
5,21,24,36,42,
6,29,32,47,66,
8,21,33,42,47,
5,24,29,36,46,
6,33,35,54,58,
5,26,28,43,61,
4,25,32,43,67,
6,29,45,49,60,
3,28,33,37,48,
5,8,20,26,37,
3,22,27,38,51,
5,8,32,52,57,
7,24,31,43,68,
2,21,24,42,65,
2,20,40,45,61,
2,5,30,37,58,
5,22,26,37,53,
1,24,26,36,65,
7,21,28,30,35,
8,22,27,33,55,
3,9,26,35,48,
9,22,27,49,60,
1,30,36,42,65,
8,20,27,30,37,
4,6,36,61,69,
7,25,32,38,54,
6,29,36,66,69,
8,37,39,65,70,
4,6,22,31,35,
8,27,39,54,59,
7,24,28,54,57,
2,21,26,31,34,
7,9,22,24,49,
5,23,33,36,58,
2,23,35,39,70,
7,9,27,30,36,
2,24,29,31,57,
2,24,28,39,57,
4,6,22,33,45,
1,3,26,36,39,
5,21,29,42,70,
1,4,22,27,34,
8,23,31,36,47,
3,6,27,30,52,
5,9,30,32,58,
5,24,28,52,55,
4,21,27,36,48,
1,7,24,42,67,
2,21,39,51,58,
9,26,28,34,39,
4,20,34,37,51,
5,8,33,54,57,
1,7,22,28,42,
7,9,22,48,65,
4,27,32,38,61,
2,6,32,61,69,
1,3,34,60,65,
3,6,33,36,52,
5,30,38,60,65,
2,8,21,34,47,
2,9,25,30,52,
7,36,42,63,68,
3,29,36,47,64,
4,9,24,47,49,
9,32,34,42,61,
4,25,30,37,65,
6,24,33,51,53,
1,8,24,27,49,
7,21,27,54,58,
7,24,31,38,68,
8,21,45,49,68,
5,7,30,46,65,
7,29,38,42,48,
9,24,27,39,68,
1,28,32,61,68,
4,8,29,38,51,
2,21,24,35,51,
6,8,26,45,65,
8,29,35,38,49,
2,7,21,30,54,
1,5,32,34,58,
4,29,37,39,52,
8,23,27,48,65,
1,22,25,31,36,
6,28,39,61,65,
3,29,35,60,64,
3,20,30,39,57,
5,26,33,37,48,
4,29,39,45,64,
1,8,20,47,60,
6,20,24,47,61,
3,6,28,31,33,
5,24,32,48,63,
8,21,27,47,60,
3,7,24,38,53,
4,25,32,49,64,
7,26,35,46,66,
8,30,39,53,57,
2,29,33,38,65,
9,29,36,39,60,
7,20,31,43,70,
2,6,33,49,66,
3,20,29,50,53,
1,3,22,33,52,
2,9,20,39,68,
7,21,24,39,52,
1,5,24,30,36,
3,7,28,37,68,
3,20,28,37,45,
6,8,29,33,35,
8,29,35,38,45,
5,30,36,43,70,
4,8,21,35,49,
8,25,38,47,60,
2,4,35,64,67,
8,31,40,66,69,
3,8,23,33,36,
4,6,20,29,49,
7,24,36,38,61,
9,22,24,47,60,
8,26,38,45,47,
2,4,21,34,49,
4,23,27,30,52,
4,22,28,33,55,
2,26,29,33,63,
2,29,49,64,70,
5,8,31,39,50,
3,6,26,28,49,
8,26,32,39,63,
6,25,31,42,60,
7,27,32,63,66,
6,29,47,60,70,
3,9,26,32,53,
8,21,25,32,36,
4,29,36,43,60,
1,22,36,45,65,
9,20,22,36,47,
9,30,47,49,66,
3,8,35,40,47,
1,20,29,51,58,
5,29,33,36,64,
2,29,33,39,50,
3,20,28,32,43,
2,29,35,42,46,
4,6,25,27,48,
1,3,22,26,32,
6,22,31,42,49,
4,8,29,52,57,
7,28,40,45,61,
4,24,32,47,63,
3,22,32,35,50,
8,21,33,49,68,
7,20,37,66,68,
9,22,33,49,68,
9,22,32,35,60,
5,8,24,37,39,
6,8,31,39,42,
4,35,43,61,70,
5,8,36,45,63,
2,8,21,34,51,
4,25,27,30,37,
2,4,23,48,69,
5,20,35,43,68,
2,23,32,61,69,
8,27,33,64,68,
4,25,29,31,46,
7,29,33,40,66,
2,7,38,49,70,
5,20,32,54,59,
5,23,30,42,68,
2,7,37,39,70,
3,7,26,38,45,
3,20,30,35,55,
2,7,37,39,66,
7,21,28,36,61,
6,29,31,51,58,
4,6,31,35,48,
2,26,34,43,49,
5,24,36,43,60,
8,26,28,47,63,
3,9,39,52,54,
1,27,30,47,70,
5,30,43,45,66,
6,27,34,42,61,
9,24,33,42,49,
8,24,27,40,69,
3,9,24,28,49,
5,8,34,36,57,
2,29,37,42,70,
4,21,30,51,58,
5,21,30,39,60,
6,35,45,67,70,
5,7,24,54,59,
8,23,29,31,36,
2,27,37,54,58,
8,27,34,36,55,
6,22,26,35,49,
2,4,21,29,31,
2,6,20,29,33,
2,7,22,43,70,
3,9,20,33,48,
3,26,38,60,69,
3,6,26,33,36,
2,4,24,39,43,
7,20,34,50,53,
3,20,27,40,60,
5,9,36,39,48,
8,23,34,36,47,
8,27,37,42,60,
5,9,22,26,30,
3,21,36,47,68,
7,28,32,34,59,
5,29,40,47,60,
4,27,29,60,63,
9,22,28,39,54,
2,21,31,47,70,
9,28,34,39,42,
4,22,32,37,51,
6,22,28,39,49,
4,21,30,39,54,
1,30,35,45,66,
6,27,48,67,69,
1,20,28,30,35,
2,31,43,60,66,
6,22,42,49,61,
6,30,35,49,66,
8,33,43,45,68,
4,8,23,30,33,
1,20,22,32,35,
8,32,34,53,59,
2,5,23,48,60,
1,8,35,39,52,
5,22,30,39,46,
9,28,45,60,67,
4,20,37,39,54,
2,30,49,61,64,
6,27,31,61,68,
4,8,22,43,69,
3,26,29,32,63,
4,29,32,37,58,
1,5,26,30,34,
4,22,31,37,67,
6,20,24,31,39,
5,20,42,63,68,
8,20,29,35,37,
1,28,35,66,69,
1,28,31,39,58,
9,22,30,36,53,
3,7,21,26,42,
5,27,30,36,50,
8,29,37,42,47,
3,20,26,30,55,
3,23,28,36,48,
2,20,25,51,57,
2,8,32,63,65,
4,8,25,32,43,
9,22,32,49,68,
9,22,27,39,52,
4,20,24,39,43,
1,25,30,35,52,
7,24,27,43,66,
3,7,29,38,60,
6,26,31,48,61,
5,25,34,40,45,
1,32,45,48,70,
5,8,28,38,67,
1,4,20,45,48,
4,25,38,42,61,
2,24,45,48,63,
7,20,25,52,57,
7,22,24,36,59,
4,27,34,43,45,
3,6,20,30,35,
2,25,39,60,63,
1,8,28,42,47,
5,25,34,38,65,
3,23,28,32,58,
1,24,29,33,36,
5,30,35,50,58,
4,8,27,38,69,
9,20,24,30,53,
4,23,48,65,69,
3,8,20,38,51,
4,27,29,54,59,
5,22,31,36,46,
6,8,24,51,53,
3,7,24,42,63,
4,31,37,42,67,
7,22,27,40,47,
9,29,32,34,49,
1,22,28,53,58,
8,35,39,52,55,
9,20,34,49,67,
5,25,40,60,67,
6,8,36,39,47,
9,28,33,52,58,
8,30,36,43,47,
4,7,26,43,61,
4,8,23,45,48,
9,24,32,48,65,
3,9,26,29,60,
7,25,32,43,70,
2,6,25,31,42,
2,7,30,46,61,
7,26,31,55,58,
6,22,26,47,49,
1,4,22,36,39,
6,27,39,48,61,
3,28,34,36,59,
5,23,34,51,58,
4,7,34,46,69,
6,24,45,49,69,
6,24,31,47,65,
4,23,29,34,49,
3,25,32,38,53,
5,32,40,47,70,
2,6,22,49,67,
8,22,33,46,65,
1,28,31,36,58,
1,22,26,33,58,
3,22,47,49,64,
3,8,27,36,46,
4,25,27,32,50,
2,5,32,37,66,
7,22,32,52,59,
5,25,30,47,64,
9,20,26,39,58,
3,26,30,38,53,
2,21,26,48,61,
5,22,28,31,37,
2,20,34,39,63,
5,22,45,64,68,
8,27,46,49,66,
3,5,28,37,42,
9,26,33,60,66,
2,5,25,36,43,
6,35,45,48,60,
3,22,33,38,69,
9,24,35,42,70,
3,26,33,38,51,
3,5,25,36,50,
5,8,38,48,69,
7,21,27,42,70,
2,8,27,37,54,
6,29,33,35,48,
2,27,29,36,43,
3,23,26,30,32,
2,24,39,52,59,
5,24,49,64,66,
2,5,22,32,63,
2,8,24,35,59,
4,6,22,29,35,
7,9,22,30,51,
8,24,27,35,38,
1,7,26,33,48,
4,9,22,24,53,
2,9,22,47,61,
1,24,31,34,53,
5,27,32,40,70,
5,7,36,61,64,
2,22,35,43,49,
8,30,37,45,69,
4,25,33,52,55,
2,5,27,34,55,
5,21,26,30,49,
6,28,49,61,68,
2,33,38,45,66,
4,8,21,49,68,
1,28,34,36,45,
1,7,29,32,54,
9,24,31,36,54,
1,5,22,42,47,
7,25,36,43,60,
1,24,30,36,53,
7,24,43,45,70,
5,8,30,35,43,
1,5,22,39,54,
4,6,25,31,36,
8,20,29,33,50,
1,3,22,32,45,
4,29,33,36,50,
7,20,29,52,55,
4,20,34,37,49,
4,20,25,37,68,
3,26,38,42,61,
1,4,29,36,39,
4,25,33,46,66,
8,20,31,38,47,
3,21,32,60,67,
7,29,36,40,42,
8,21,36,39,67,
5,7,23,42,70,
5,8,26,29,46,
4,26,29,33,43,
3,7,28,47,64,
2,9,24,49,60,
1,3,26,30,36,
3,21,36,53,58,
4,6,25,27,39,
1,24,31,36,53,
5,21,24,31,34,
4,7,24,38,51,
1,8,33,39,54,
3,6,27,42,45,
5,27,34,45,64,
1,5,28,39,48,
8,33,43,49,60,
1,26,29,31,48,
9,22,35,39,54,
3,27,32,35,50,
2,8,37,39,53,
2,7,33,50,58,
7,22,28,39,50,
6,8,30,33,45,
5,23,26,36,58,
3,34,36,43,47,
3,6,28,31,36,
9,26,30,34,65,
5,21,45,48,66,
4,32,35,43,68,
1,8,20,25,36,
1,29,32,34,65,
3,20,24,33,50,
1,20,29,39,60,
2,23,30,45,49,
8,24,33,35,46,
6,8,30,39,49,
2,20,39,61,63,
4,21,34,47,65,
2,22,26,47,63,
5,24,35,37,66,
7,29,38,45,66,
7,20,24,35,37,
3,9,20,29,42,
4,9,39,45,68,
4,29,36,38,51,
7,20,22,33,64,
1,20,35,42,48,
1,7,24,42,47,
5,21,34,45,60,
5,7,22,29,46,
7,30,37,65,68,
6,8,29,42,47,
1,22,28,30,51,
3,26,29,35,50,
4,23,28,35,66,
5,8,23,28,31,
2,23,30,33,54,
6,26,45,47,66,
2,32,47,61,63,
3,24,32,52,57,
2,24,48,63,69,
4,33,39,50,58,
7,24,28,46,69,
9,27,34,36,45,
5,25,42,46,65,
7,9,22,32,54,
3,6,26,32,53,
6,29,31,47,66,
4,29,32,36,55,
2,25,30,39,50,
6,29,49,60,70,
1,4,20,25,30,
5,8,20,31,55,
5,20,30,37,47,
7,22,26,40,69,
3,33,36,52,57,
7,25,28,38,49,
5,8,23,26,35,
2,4,24,33,37,
4,25,33,49,64,
3,20,23,30,32,
6,20,22,35,39,
2,23,45,61,70,
3,8,20,40,65,
7,27,37,66,70,
2,9,32,35,48,
9,20,42,47,67,
2,9,39,65,68,
5,9,20,27,34,
8,32,43,45,65,
3,9,26,34,49,
9,20,31,54,58,
8,26,33,38,49,
8,32,39,49,63,
2,20,37,42,61,
9,25,28,36,49,
2,27,29,37,54,
5,20,25,32,50,
4,25,30,32,59,
7,30,36,52,59,
5,22,33,46,48,
7,24,28,40,45,
2,20,43,49,68,
6,8,35,60,67,
1,28,30,35,48,
3,5,21,28,52,
3,5,21,34,36,
4,8,30,35,55,
9,28,34,49,61,
4,29,43,45,68,
7,28,30,39,43,
4,27,31,34,43,
8,27,45,48,63,
8,21,27,45,70,
2,9,28,34,39,
3,6,20,39,58,
2,5,33,43,48,
2,9,36,61,68,
2,20,24,53,55,
2,28,31,37,54,
1,24,32,35,61,
9,24,35,45,68,
6,20,33,61,67,
6,22,39,49,70,
1,8,39,42,68,
3,8,33,36,57,
9,20,26,47,67,
7,22,36,51,59,
7,24,26,32,59,
7,22,26,39,55,
4,21,29,31,34,
5,32,37,42,70,
8,32,39,52,55,
3,26,28,31,57,
6,27,35,45,48,
6,36,39,47,70,
6,27,32,53,58,
4,7,25,38,42,
9,22,25,36,52,
2,5,23,51,58,
8,27,42,49,63,
3,8,21,35,52,
7,20,30,52,57,
2,20,32,61,63,
5,21,30,32,58,
2,5,22,24,43,
6,20,29,31,48,
8,23,35,47,60,
1,8,35,42,60,
4,22,29,40,49,
6,22,25,31,52,
4,26,33,54,57,
7,30,40,45,65,
6,20,33,49,70,
3,6,28,34,53,
5,23,36,45,66,
3,28,38,45,49,
7,20,22,37,47,
4,24,26,47,63,
5,9,35,48,70,
5,21,33,52,58,
3,20,27,32,38,
7,34,40,65,70,
5,9,34,47,70,
2,23,27,39,54,
4,25,32,38,53,
3,7,22,32,63,
4,9,31,36,58,
4,7,26,34,63,
2,30,43,47,69,
5,7,24,32,50,
1,4,32,45,48,
1,4,24,26,51,
7,22,25,39,50,
6,27,31,47,70,
4,22,39,63,70,
2,9,33,48,60,
7,26,30,38,61,
2,5,28,43,66,
3,6,30,45,65,
4,9,25,32,39,
5,7,30,55,58,
6,8,31,49,65,
7,21,27,34,48,
9,27,48,66,69,
6,8,25,35,39,
2,20,24,31,37,
1,5,34,42,67,
2,8,31,46,69,
5,26,37,65,68,
3,5,28,40,70,
6,22,28,45,49,
5,8,27,30,57,
6,24,27,51,58,
3,26,28,38,47,
5,22,46,61,69,
2,9,20,24,31,
6,34,49,61,69,
8,20,25,31,50,
8,23,33,42,68,
1,3,28,30,33,
3,7,22,35,50,
9,22,36,47,66,
3,5,26,28,37,
4,32,40,45,61,
2,5,21,30,33,
3,7,36,43,70,
8,22,28,35,63,
8,29,31,35,50,
4,21,27,34,42,
9,24,33,36,53,
7,26,40,61,69,
1,5,27,42,70,
6,24,39,51,58,
2,21,29,60,66,
4,21,39,68,70,
3,33,38,53,58,
5,28,30,33,55,
2,7,28,34,37,
1,24,31,36,58,
4,20,23,45,67,
4,25,42,49,64,
7,23,33,60,68,
9,22,25,47,60,
2,24,26,37,39,
9,20,31,34,65,
2,23,25,36,58,
2,26,37,53,58,
1,8,32,39,69,
5,9,24,35,66,
3,30,33,49,64,
7,31,36,64,68,
4,7,28,34,37,
5,21,32,51,54,
4,29,33,35,46,
8,27,34,38,47,
4,8,23,27,47,
4,25,27,39,64,
2,29,38,47,69,
4,21,24,33,39,
8,27,36,54,59,
2,22,31,38,69,
7,24,26,33,46,
5,35,40,48,65,
7,24,45,61,64,
3,5,34,39,50,
5,9,26,32,34,
8,27,37,45,70,
5,22,32,50,53,
4,29,32,34,55,
5,34,42,45,64,
1,7,22,28,39,
4,22,25,38,53,
3,27,30,42,63,
1,5,20,33,54,
7,20,37,60,70,
5,25,28,38,58,
2,23,42,47,70,
4,23,25,51,58,
8,29,46,60,69,
5,7,22,42,63,
2,7,22,28,59,
8,24,35,43,69,
5,8,23,30,47,
7,9,24,36,54,
3,20,34,51,59,
6,27,30,61,69,
2,9,25,28,30,
2,6,27,31,61,
7,31,34,40,49,
9,31,36,60,68,
2,24,26,33,59,
7,25,40,48,60,
3,26,37,42,45,
4,23,29,34,51,
6,24,31,42,47,
6,22,25,49,65,
5,7,22,40,67,
3,21,26,30,51,
3,22,32,40,49,
4,28,35,43,48,
7,28,33,43,70,
3,8,32,39,43,
6,24,27,30,51,
7,24,32,35,46,
2,25,40,47,60,
7,25,42,47,64,
5,22,24,31,37,
9,24,27,51,54,
1,5,20,22,32,
4,7,27,48,64,
5,9,32,34,54,
1,5,20,24,31,
6,27,29,48,65,
5,23,25,52,54,
6,8,22,39,45,
3,5,27,30,50,
5,33,43,60,66,
4,20,22,31,55,
7,26,32,43,66,
2,21,29,36,66,
8,24,33,53,57,
1,4,24,31,48,
9,28,32,34,49,
4,7,29,36,55,
8,20,26,33,57,
7,26,46,65,70,
5,7,22,26,37,
7,29,34,40,65,
7,22,42,61,64,
5,26,29,49,64,
6,8,22,31,39,
2,7,24,37,66,
8,21,31,48,60,
5,21,31,52,58,
6,25,32,39,58,
2,8,23,36,67,
2,6,22,27,51,
2,28,37,61,68,
3,8,36,47,63,
9,22,34,36,49,
2,27,32,61,64,
8,21,25,39,42,
7,35,40,67,70,
7,24,32,34,59,
4,7,21,28,34,
1,3,20,31,36,
4,26,29,33,63,
8,33,35,40,66,
4,8,26,31,55,
9,22,36,49,66,
4,7,35,63,70,
8,33,45,61,64,
3,32,36,42,63,
4,21,24,34,51,
9,20,24,32,49,
6,22,35,65,70,
5,21,30,36,53,
3,22,42,45,64,
6,26,32,45,61,
4,8,30,37,47,
5,8,33,38,69,
2,21,39,65,68,
3,8,31,38,65,
8,24,31,51,55,
8,23,39,48,69,
3,26,28,37,66,
5,20,28,54,59,
5,7,28,37,54,
4,24,27,30,43,
7,21,29,52,54,
6,25,28,33,35,
5,8,25,32,57,
1,20,31,33,54,
3,6,29,33,36,
3,21,26,34,45,
9,25,30,39,60,
8,21,26,31,34,
4,8,30,35,59,
5,24,26,37,58,
2,5,24,37,52,
2,23,28,53,58,
3,6,27,32,39,
7,9,22,30,35,
3,9,28,31,34,
8,24,36,39,55,
1,30,35,45,70,
1,7,26,52,58,
4,9,24,36,67,
2,30,45,63,70,
4,6,25,31,58,
3,34,36,43,49,
7,25,30,60,64,
7,26,30,37,53,
4,27,47,63,68,
1,30,36,49,70,
3,21,28,31,36,
6,27,29,53,58,
9,20,35,42,67,
5,9,30,32,53,
7,33,36,54,59,
4,33,46,65,68,
2,26,30,51,57,
7,28,34,38,47,
3,20,25,40,69,
9,20,34,51,53,
8,23,42,66,69,
3,6,20,34,47,
9,30,36,42,61,
3,21,30,33,52,
5,22,31,33,46,
5,20,29,50,54,
9,20,25,36,66,
1,8,31,36,66,
4,22,34,53,55,
6,8,33,39,61,
3,6,26,31,42,
5,24,30,40,47,
7,24,33,43,48,
6,22,33,60,65,
6,22,28,39,47,
3,20,23,30,35,
8,20,23,39,68,
5,20,29,34,37,
1,26,30,32,45,
8,21,27,33,54,
3,5,23,36,42,
1,5,24,27,34,
2,33,39,50,58,
3,25,36,46,60,
1,5,28,36,66,
6,29,33,36,58,
9,24,42,45,66,
1,29,36,39,66,
3,6,22,31,42,
5,32,34,54,57,
4,25,28,43,61,
6,20,25,35,66,
1,8,31,51,58,
4,9,22,39,54,
5,35,43,66,68,
7,20,25,46,61,
2,29,33,46,61,
1,5,36,60,68,
8,37,39,65,68,
7,32,43,61,66,
1,7,25,28,32,
1,20,31,39,48,
7,30,33,40,49,
2,33,43,65,68,
3,33,36,40,67,
1,25,28,30,42,
3,6,20,47,66,
9,20,29,35,60,
4,29,33,46,60,
4,25,31,52,59,
6,24,29,36,53,
9,34,36,48,65,
1,8,27,36,54,
2,9,31,34,42,
1,20,36,61,70,
6,8,26,39,45,
4,35,38,47,61,
2,21,34,49,70,
7,24,33,38,48,
2,28,37,49,66,
1,4,24,33,45,
2,4,25,54,57,
1,22,24,35,65,
1,30,35,49,70,
1,7,34,49,60,
2,25,33,54,57,
4,26,29,36,43,
4,29,33,40,47,
5,29,32,38,58,
1,3,24,32,39,
2,20,45,61,64,
5,8,21,28,47,
3,20,31,38,58,
6,24,47,61,69,
4,28,43,61,68,
4,25,37,60,67,
3,20,23,48,65,
8,21,42,45,68,
5,30,32,42,63,
3,5,32,34,55,
7,21,36,45,68,
5,31,40,66,69,
5,24,32,55,58,
1,8,20,33,48,
5,20,25,40,68,
8,23,28,39,52,
1,8,25,28,51,
6,26,39,53,58,
1,4,27,35,66,
3,5,32,46,49,
1,4,24,32,39,
5,31,38,42,67,
6,22,30,33,51,
8,31,45,60,64,
6,20,30,49,67,
5,25,35,48,64,
2,9,39,54,58,
8,24,33,45,64,
3,24,32,39,43,
1,22,26,49,67,
4,25,33,61,64,
3,25,39,50,52,
3,5,22,33,38,
6,8,33,60,67,
3,8,28,35,64,
3,20,22,37,49,
6,33,49,67,70,
2,27,30,33,50,
4,23,25,35,52,
5,7,24,32,63,
4,8,25,39,63,
4,6,27,49,67,
1,4,22,47,49,
5,30,35,50,54,
5,25,30,60,63,
5,21,27,42,68,
1,25,34,36,51,
2,9,31,49,70,
2,25,29,33,40,
8,27,32,40,61,
2,8,33,49,64,
1,7,20,24,34,
8,20,23,30,49,
5,22,37,42,66,
4,22,35,40,49,
5,24,28,32,59,
2,27,37,49,68,
7,26,29,38,69,
3,6,26,48,69,
1,25,32,34,49,
6,28,32,49,67,
4,28,35,46,61,
2,7,27,43,48,
5,9,24,28,58,
3,5,22,28,57,
3,31,39,50,54,
4,22,36,53,57,
5,20,25,38,51,
3,23,42,65,68,
8,23,36,45,69,
3,6,20,27,45,
2,25,31,33,40,
5,29,36,38,52,
5,24,28,37,67,
5,26,32,34,59,
1,30,33,48,65,
5,22,46,61,65,
5,27,33,64,68,
7,9,25,42,70,
7,26,29,36,40,
2,29,36,40,45,
1,4,20,25,35,
6,22,31,61,65,
2,22,28,39,59,
2,29,39,55,58,
8,38,47,61,65,
9,30,32,49,69,
1,3,22,28,31,
1,29,34,39,52,
4,7,25,28,50,
8,22,31,39,55,
8,26,34,53,57,
1,5,24,28,54,
3,9,22,26,42,
5,27,36,63,68,
5,9,20,24,39,
1,4,31,34,60,
8,31,36,54,57,
4,9,22,47,69,
2,5,25,46,65,
1,4,31,34,42,
6,25,34,42,65,
6,25,28,33,58,
5,30,36,43,47,
7,30,40,45,66,
2,25,29,33,50,
7,23,34,39,68,
6,31,34,49,66,
2,23,45,60,66,
4,9,30,45,61,
2,23,27,39,68,
1,20,26,47,66,
1,8,26,30,45,
2,9,22,27,33,
1,25,36,42,66,
5,8,20,33,57,
8,35,43,47,68,
3,23,25,32,36,
6,30,34,45,49,
2,8,20,39,55,
7,24,26,51,57,
5,26,39,54,59,
4,27,31,38,54,
6,24,29,42,47,
7,22,28,30,59,
2,4,23,34,39,
3,6,28,49,66,
2,4,34,37,51,
4,7,30,54,59,
5,33,40,42,67,
7,9,26,51,54,
3,5,32,42,64,
3,7,25,32,46,
3,21,32,36,54,
7,27,34,38,53,
2,7,30,51,59,
6,28,30,47,69,
3,24,33,36,40,
9,24,31,35,42,
1,25,31,52,54,
4,9,29,33,54,
9,32,35,42,67,
2,7,20,43,67,
5,23,32,49,66,
9,20,42,61,66,
3,31,37,60,68,
3,23,42,60,70,
5,7,22,47,64,
5,24,36,63,68,
8,21,24,49,69,
6,35,45,48,65,
8,22,43,49,69,
5,25,28,33,64,
8,24,35,37,49,
5,8,34,38,51,
5,23,25,32,52,
7,23,36,45,70,
3,29,32,35,50,
8,21,28,39,68,
1,20,36,45,68,
2,21,25,31,48,
1,8,31,49,68,
8,27,46,60,65,
5,22,27,50,53,
7,20,27,37,58,
9,26,29,39,54,
5,8,38,45,47,
3,21,30,32,60,
5,24,28,53,57,
8,23,26,39,52,
2,29,32,37,51,
6,32,35,51,54,
1,27,32,34,58,
3,5,20,38,61,
1,4,22,47,70,
6,24,28,35,51,
2,4,25,29,43,
2,6,36,61,65,
2,23,26,42,67,
6,26,30,45,47,
7,22,27,34,59,
5,20,33,40,61,
2,21,28,30,61,
5,7,23,28,58,
1,20,29,42,48,
1,7,26,42,66,
3,6,22,31,35,
5,9,30,34,45,
8,20,27,36,57,
5,20,29,46,65,
5,8,23,42,45,
3,8,27,36,43,
5,29,35,40,60,
2,23,29,32,45,
5,8,26,31,46,
5,27,46,66,69,
8,28,36,39,55,
9,27,35,66,70,
1,3,20,31,58,
4,23,25,30,32,
1,32,35,60,70,
2,5,29,32,38,
8,20,45,64,67,
1,27,42,47,68,
4,21,25,32,54,
4,23,30,32,61,
2,22,31,38,53,
8,26,29,35,50,
1,27,33,52,54,
5,26,30,34,59,
2,21,45,66,69,
3,5,20,23,30,
2,31,46,61,66,
4,34,37,65,69,
3,9,35,42,66,
2,22,25,32,57,
7,24,32,39,50,
1,27,34,45,48,
7,22,30,40,49,
3,7,20,40,60,
3,27,36,60,63,
7,9,28,34,48,
3,22,27,35,38,
1,32,39,45,66,
9,34,36,42,47,
4,34,40,49,65,
6,22,35,45,67,
2,4,29,31,50,
8,20,29,35,57,
8,27,37,47,70,
1,7,32,51,58,
5,24,27,52,59,
3,7,26,36,40,
1,8,31,33,58,
5,9,24,32,52,
2,9,25,34,36,
5,23,28,30,58,
8,25,27,35,64,
3,9,26,39,68,
8,31,33,49,64,
8,20,28,37,39,
2,23,49,60,66,
4,20,43,49,70,
5,30,32,43,66,
8,31,47,64,67,
6,26,32,39,61,
1,7,24,26,30,
8,31,36,43,67,
1,24,36,60,65,
4,20,22,43,65,
2,22,25,31,59,
7,26,29,34,57,
9,22,27,33,36,
4,8,34,43,47,
1,4,29,34,39,
9,24,26,33,53,
5,9,22,42,48,
1,27,31,48,70,
9,36,39,48,68,
2,7,32,43,61,
7,20,30,61,64,
3,21,27,52,58,
2,20,26,43,61,
3,22,32,39,63,
4,8,21,45,65,
4,29,45,60,63,
4,24,29,36,55,
8,25,42,63,65,
7,22,26,33,59,
1,26,28,30,49,
4,23,27,34,54,
2,7,27,30,57,
3,20,28,39,43,
3,9,24,28,39,
4,25,35,37,58,
3,28,30,38,49,
5,7,34,38,61,
6,27,30,45,47,
7,34,38,49,70,
9,22,27,30,53,
3,6,30,49,60,
7,22,31,46,69,
5,25,31,36,46,
6,25,45,60,67,
4,9,24,26,53,
2,25,39,63,66,
7,33,40,45,70,
5,8,24,33,63,
4,24,37,47,68,
2,25,31,37,42,
2,20,45,63,70,
2,5,20,40,67,
1,26,29,42,70,
8,20,23,39,61,
1,5,30,47,66,
3,31,40,42,67,
2,25,35,40,68,
7,29,36,60,63,
4,24,29,37,39,
1,20,22,31,58,
5,22,39,63,68,
7,31,38,48,60,
7,22,42,48,63,
4,8,21,34,51,
4,21,42,45,67,
6,20,27,39,70,
4,7,35,37,66,
7,29,49,60,64,
1,24,36,39,58,
1,20,24,31,51,
4,8,24,37,39,
3,29,39,42,46,
5,8,33,63,70,
1,3,28,32,45,
8,27,32,40,47,
8,27,32,63,70,
2,4,31,34,43,
5,7,38,65,70,
4,8,23,42,65,
1,3,20,28,58,
7,29,34,38,53,
7,23,25,48,60,
2,25,30,43,69,
7,24,35,52,57,
2,4,23,47,66,
6,20,25,33,58,
7,9,25,32,54,
3,7,27,30,38,
2,24,37,42,61,
1,7,35,48,68,
5,31,40,48,68,
2,23,28,34,49,
4,7,22,24,37,
9,27,30,39,68,
9,31,34,51,54,
4,29,33,50,54,
1,22,27,34,65,
1,30,36,45,69,
4,23,42,47,68,
8,20,27,54,59,
4,24,34,39,57,
5,20,40,47,70,
2,8,32,35,43,
2,29,49,61,64,
9,34,39,47,66,
1,28,39,65,68,
4,20,33,37,66,
9,27,32,48,70,
2,27,33,63,70,
4,22,26,39,55,
6,24,33,39,65,
8,22,35,39,59,
8,29,39,60,63,
5,31,38,48,60,
6,25,42,48,65,
6,8,25,42,45,
4,24,27,37,48,
6,20,25,45,65,
6,25,28,32,49,
3,27,31,38,42,
7,30,33,50,58,
3,6,31,33,54,
2,25,27,30,46,
1,28,34,39,60,
1,28,45,60,67,
2,23,32,45,70,
7,22,34,45,64,
6,20,36,61,67,
8,29,38,60,69,
7,32,37,51,54,
5,8,28,33,59,
7,20,30,46,61,
2,20,25,36,57,
5,22,26,37,54,
7,9,24,30,49,
6,29,34,49,65,
2,8,23,29,53,
2,27,34,39,63,
1,4,24,33,47,
2,25,39,50,54,
4,20,25,31,40,
1,4,20,30,33,
7,20,29,34,38,
4,29,35,39,50,
7,24,32,37,66,
5,20,30,37,58,
1,26,32,34,49,
6,8,25,33,60,
4,8,21,27,32,
1,26,31,49,68,
2,7,25,38,52,
5,8,24,31,40,
5,8,28,32,37,
7,20,25,49,64,
7,20,42,46,61,
5,7,30,33,46,
6,22,27,36,47,
8,39,42,46,67,
1,4,33,49,68,
1,22,28,31,34,
2,8,25,46,49,
9,25,34,39,60,
1,8,20,36,39,
7,9,29,42,48,
3,28,32,37,45,
7,29,36,38,58,
2,9,22,39,58,
7,36,46,61,70,
3,6,24,28,51,
9,25,32,34,53,
3,9,31,60,68,
5,26,30,50,53,
4,31,35,61,64,
1,32,34,45,60,
4,20,25,30,55,
1,8,39,48,60,
2,6,25,45,66,
5,26,34,43,47,
2,26,49,61,64,
1,7,20,28,34,
7,22,26,40,65,
1,8,22,28,35,
3,6,26,35,61,
7,27,36,38,67,
2,9,30,51,58,
5,24,38,45,70,
7,33,40,61,68,
1,22,27,30,39,
2,8,35,38,65,
7,24,40,45,67,
2,4,21,24,35,
7,34,37,49,70,
1,7,20,36,58,
7,9,22,36,58,
3,20,32,53,57,
9,26,33,35,48,
8,28,40,45,65,
1,20,31,42,68,
6,22,33,47,68,
3,22,38,47,65,
5,27,31,38,68,
9,26,29,31,36,
9,29,36,47,70,
2,30,39,63,70,
5,25,28,37,54,
5,22,25,38,52,
8,29,32,53,55,
4,35,45,48,64,
4,25,34,40,69,
3,24,31,60,63,
5,31,42,46,61,
2,7,22,29,46,
1,24,28,36,61,
3,9,24,36,52,
1,28,33,61,66,
2,20,25,38,53,
2,27,37,39,48,
2,9,31,39,54,
3,8,38,47,69,
8,25,28,51,59,
4,21,27,33,58,
8,23,31,39,52,
2,29,33,42,63,
5,36,38,60,67,
3,22,36,63,69,
7,26,30,40,69,
5,24,27,43,70,
7,22,28,37,67,
3,23,26,36,53,
1,5,22,24,39,
6,20,25,45,70,
6,24,27,49,60,
4,20,46,61,65,
4,24,43,45,66,
1,4,20,24,45,
9,20,26,47,66,
1,22,30,35,65,
3,32,47,49,64,
4,27,30,43,47,
9,34,45,60,66,
4,7,23,25,52,
5,28,30,38,49,
3,31,42,49,64,
4,20,40,61,67,
2,9,24,27,36,
2,6,25,30,51,
5,23,27,36,58,
9,20,31,33,54,
5,7,22,37,58,
5,32,45,48,63,
4,23,25,33,42,
2,4,25,31,37,
1,29,42,45,60,
4,8,23,39,65,
8,35,39,55,58,
3,8,26,32,37,
7,24,40,49,61,
6,22,25,31,51,
2,5,31,40,48,
2,4,25,55,58,
3,25,35,40,60,
8,20,31,61,63,
5,9,24,30,47,
5,25,37,52,54,
9,30,32,49,60,
8,22,35,46,49,
3,5,36,60,63,
2,24,29,47,63,
8,22,32,37,49,
5,24,32,43,60,
5,8,20,33,55,
3,27,46,60,69,
4,24,29,52,57,
2,24,27,30,55,
4,9,27,34,45,
3,26,29,32,43,
3,9,28,42,66,
9,22,27,30,35,
3,26,28,30,37,
7,20,24,37,58,
4,8,29,46,69,
5,9,32,35,54,
6,20,35,61,68,
2,20,27,37,48,
4,24,36,51,59,
5,34,36,50,53,
8,21,35,42,61,
7,20,32,37,48,
7,35,40,45,70,
7,29,31,40,48,
4,7,30,40,47,
3,8,39,49,64,
9,36,47,65,68,
9,28,32,45,70,
4,25,29,60,63,
7,24,32,37,54,
2,23,25,31,34,
8,25,36,51,55,
9,20,22,31,54,
2,21,28,47,61,
8,29,38,42,65,
8,27,33,36,50,
4,8,30,51,55,
2,6,28,31,61,
1,4,26,29,35,
4,22,27,37,39,
3,7,23,34,52,
4,29,32,34,43,
7,22,29,32,37,
5,25,42,45,64,
8,20,32,43,61,
5,20,24,43,47,
2,24,27,43,68,
2,21,26,42,67,
3,21,36,48,65,
8,21,45,47,68,
8,20,23,51,58,
7,28,37,65,70,
3,6,27,32,58,
2,5,23,30,61,
4,21,24,35,39,
9,29,36,51,58,
8,25,28,38,49,
3,8,26,37,39,
2,32,43,47,61,
9,39,47,68,70,
8,20,37,49,70,
5,7,27,34,40,
6,8,32,45,67,
9,24,36,39,70,
2,4,21,29,33,
5,30,32,46,67,
6,36,42,61,65,
5,7,24,48,64,
3,32,35,63,70,
2,9,28,34,45,
8,32,39,43,66,
5,20,24,32,63,
5,24,33,45,64,
2,33,39,64,67,
7,30,36,49,63,
7,28,43,48,67,
9,24,29,32,60,
2,29,35,37,58,
2,28,47,63,67,
2,31,37,60,70,
3,23,26,48,60,
1,8,20,27,47,
7,34,37,42,66,
2,20,23,34,47,
2,5,20,25,37,
5,23,42,48,65,
2,5,29,43,70,
9,25,28,30,33,
1,5,26,48,67,
2,4,31,40,61,
7,22,26,51,57,
2,5,30,39,50,
8,24,32,51,55,
1,7,28,34,49,
1,26,29,36,48,
4,7,24,32,37,
1,22,28,35,39,
2,30,32,43,69,
1,24,27,45,66,
2,8,35,51,59,
3,22,27,38,42,
2,7,38,51,58,
3,20,27,36,46,
1,4,27,34,53,
7,23,33,48,68,
5,21,36,42,68,
8,35,40,49,70,
6,22,25,42,45,
3,8,26,39,57,
2,29,33,54,59,
1,7,28,39,66,
5,7,22,38,60,
1,26,28,39,68,
2,9,27,30,32,
5,7,24,34,63,
6,34,45,61,69,
5,7,34,64,67,
1,7,36,45,48,
7,24,30,33,40,
6,25,33,35,52,
4,27,30,53,55,
8,21,27,39,52,
4,7,24,38,47,
2,26,33,40,67,
3,5,24,35,50,
9,27,31,36,54,
2,9,34,47,68,
2,29,31,34,57,
2,6,22,27,35,
5,29,32,46,68,
5,8,32,63,68,
2,29,34,50,53,
7,25,36,52,57,
9,20,25,34,53,
5,9,30,45,60,
5,8,28,35,64,
1,8,24,45,60,
3,20,39,52,59,
5,8,30,36,59,
1,22,28,35,61,
4,22,27,35,50,
1,4,22,28,53,
7,9,24,26,32,
1,24,36,65,70,
7,23,29,36,58,
2,30,37,45,49,
5,23,28,51,58,
4,24,30,33,55,
1,7,22,39,58,
2,21,36,42,67,
1,22,28,34,45,
3,24,35,52,55,
2,7,34,39,50,
5,7,38,42,48,
5,31,34,46,69,
3,20,29,31,38,
3,25,32,52,59,
9,26,36,39,54,
7,22,28,37,66,
5,30,34,43,45,
3,32,47,64,70,
4,22,29,32,43,
2,9,29,42,65,
5,29,48,64,69,
5,24,27,30,57,
4,20,47,61,63,
4,21,26,49,70,
4,20,37,53,58,
4,9,27,48,61,
6,26,35,47,66,
4,7,29,31,38,
3,7,24,36,63,
2,9,28,30,33,
6,28,39,67,70,
5,29,36,38,51,
2,29,31,43,66,
5,24,30,40,65,
5,26,32,37,48,
2,24,27,39,50,
3,7,20,40,65,
2,25,30,36,63,
3,23,26,36,42,
4,21,27,31,58,
4,27,46,48,69,
5,8,23,49,66,
5,22,49,64,67,
9,20,24,33,35,
7,34,49,64,68,
1,30,39,60,66,
7,34,36,47,64,
8,21,32,35,48,
5,26,35,61,64,
7,21,36,48,67,
9,20,32,39,68,
7,23,33,42,70,
4,24,29,31,46,
5,8,23,28,32,
4,8,21,47,68,
3,23,26,52,54,
4,21,29,36,53,
2,25,27,33,46,
9,20,22,33,42,
4,23,30,42,67,
9,22,27,34,36,
8,28,37,39,65,
7,27,43,48,70,
4,9,33,60,67,
8,21,28,33,54,
5,20,31,37,54,
8,25,27,38,52,
6,22,26,49,69,
2,8,21,33,39,
7,24,40,47,67,
8,35,38,65,70,
2,23,28,30,39,
1,24,30,36,49,
7,20,27,38,66,
8,28,37,42,65,
2,25,31,40,42,
3,26,30,35,43,
3,20,23,52,58,
5,26,35,64,66,
1,25,27,32,60,
3,6,25,31,52,
5,9,36,47,70,
9,32,34,42,47,
2,20,23,51,54,
3,6,31,42,65,
3,33,47,64,66,
5,20,23,35,54,
2,5,22,29,55,
2,5,25,49,64,
5,24,26,31,38,
3,7,33,38,60,
7,22,35,50,53,
4,25,29,38,45,
2,24,32,35,59,
2,5,30,40,65,
3,28,42,63,66,
2,29,32,63,67,
9,20,25,30,36,
1,5,24,34,49,
3,23,33,36,42,
5,36,39,54,57,
2,4,21,25,39,
2,24,29,31,55,
4,27,40,42,61,
1,27,39,60,70,
5,27,30,40,60,
2,7,30,39,55,
2,9,24,31,33,
7,23,31,34,48,
3,6,35,42,68,
4,21,25,39,68,
5,22,25,36,38,
5,27,39,48,64,
4,6,25,47,66,
7,21,26,34,61,
2,27,30,39,43,
5,31,36,48,64,
4,27,37,60,66,
1,3,24,32,47,
7,26,29,36,38,
6,22,27,47,49,
2,24,27,35,55,
8,21,26,31,60,
5,22,36,49,64,
2,8,25,35,63,
6,35,39,61,66,
9,27,31,42,70,
6,32,45,49,68,
3,22,36,40,47,
9,24,32,49,60,
3,31,38,48,69,
7,9,26,33,54,
6,20,29,33,39,
7,24,31,38,69,
8,28,37,49,69,
3,27,42,63,66,
4,9,24,48,69,
1,24,42,45,70,
3,31,34,42,46,
3,26,36,43,60,
6,25,31,42,47,
4,9,22,33,48,
9,20,33,42,66,
4,8,29,40,65,
4,6,31,48,69,
3,6,20,42,67,
2,5,24,28,59,
2,7,28,43,66,
5,20,34,39,59,
9,22,26,35,47,
2,5,30,37,45,
9,22,27,49,70,
5,20,29,40,60,
3,24,32,38,51,
7,29,32,60,64,
6,22,31,39,60,
7,26,30,37,45,
5,35,42,61,64,
4,29,33,54,57,
3,24,28,39,64,
8,21,29,36,52,
5,9,30,33,42,
3,8,31,38,53,
2,22,29,39,50,
2,9,29,35,54,
2,25,37,66,69,
2,25,28,36,63,
5,24,29,33,50,
7,30,33,48,64,
2,21,30,47,68,
8,21,32,35,49,
7,22,28,43,67,
9,20,36,51,58,
2,20,23,39,48,
4,31,34,64,69,
8,30,39,50,53,
8,26,31,33,57,
1,27,42,49,70,
8,27,35,46,61,
2,22,27,38,53,
6,22,33,35,47,
2,5,25,32,57,
4,25,33,48,63,
8,32,39,43,69,
4,31,35,54,59,
5,9,26,29,32,
6,26,49,61,65,
3,30,46,60,69,
9,24,42,47,66,
1,26,29,32,39,
8,26,28,39,43,
2,8,23,32,47,
7,20,25,34,57,
3,20,27,40,45,
6,26,29,31,35,
6,25,35,60,66,
3,24,26,50,53,
4,7,21,39,66,
5,22,27,32,38,
6,22,25,32,47,
1,30,39,60,67,
1,24,26,34,51,
2,6,24,39,67,
9,24,39,45,48,
6,31,47,60,67,
9,24,28,51,58,
9,27,34,53,58,
5,28,30,39,63,
8,25,36,38,45,
5,26,29,60,64,
2,22,25,51,57,
2,20,29,38,67,
4,20,29,32,43,
5,25,40,47,70,
1,20,33,36,48,
5,26,30,51,57,
5,8,35,40,45,
6,20,25,39,54,
5,32,34,63,65,
2,24,35,52,59,
4,8,33,43,48,
5,22,34,38,51,
5,20,25,37,60,
2,24,33,40,65,
1,5,24,29,32,
1,22,27,32,35,
9,20,31,33,58,
8,21,34,39,52,
2,6,29,31,51,
1,4,25,30,32,
4,25,27,46,70,
6,20,24,31,51,
7,20,30,40,45,
2,27,31,46,48,
8,28,37,42,61,
4,25,34,47,63,
9,27,33,52,58,
9,24,32,35,58,
2,23,27,48,67,
3,7,20,34,59,
4,34,36,47,63,
3,5,20,32,37,
7,9,26,29,34,
5,9,28,32,58,
5,8,35,38,42,
4,34,37,49,67,
4,7,28,48,63,
1,7,36,48,61,
2,32,38,47,67,
7,32,34,49,64,
2,31,34,43,61,
1,26,30,53,58,
4,22,24,35,55,
5,20,22,39,50,
6,31,39,65,70,
6,29,35,47,66,
5,26,28,43,67,
7,22,37,60,65,
4,31,42,63,68,
1,8,26,28,35,
6,26,49,66,69,
7,25,28,37,58,
1,20,22,30,47,
4,23,27,35,54,
1,22,26,39,42,
7,9,22,28,47,
1,3,22,35,42,
4,27,46,61,70,
3,21,36,52,54,
2,27,33,64,70,
8,25,31,40,69,
3,6,24,31,45,
8,21,28,31,33,
7,20,29,40,70,
5,21,25,36,54,
2,29,40,49,66,
2,9,27,29,36,
1,22,28,39,48,
3,5,27,34,50,
5,21,26,51,54,
6,22,27,39,67,
4,20,25,35,43,
8,31,42,61,63,
3,26,29,31,50,
7,25,28,52,55,
7,25,42,60,64,
9,28,32,42,61,
3,21,26,31,36,
1,24,27,36,45,
5,22,30,50,53,
6,29,36,42,45,
5,20,30,34,59,
4,9,30,49,67,
4,7,20,25,55,
7,24,34,37,49,
5,21,27,30,60,
9,24,26,33,39,
3,26,29,36,57,
3,5,35,64,70,
2,25,34,43,49,
2,20,23,39,58,
3,5,36,50,58,
8,33,42,46,61,
2,24,31,38,51,
6,22,26,45,47,
3,5,22,32,57,
3,29,32,38,52,
8,20,29,33,38,
2,8,32,43,45,
1,27,34,42,69,
3,20,43,45,70,
5,21,26,34,36,
2,8,20,51,55,
6,8,27,39,58,
5,8,31,38,53,
7,26,33,38,68,
3,32,35,43,70,
2,30,39,52,55,
3,26,28,53,59,
4,9,24,27,31,
5,9,30,49,68,
4,26,33,46,61,
4,7,25,37,68,
2,22,25,36,63,
7,36,38,47,68,
6,8,27,45,69,
7,23,32,51,54,
7,9,20,36,54,
1,24,35,39,68,
6,8,24,45,49,
5,9,34,36,45,
5,22,27,33,46,
5,31,46,60,66,
7,9,30,52,58,
5,24,33,46,67,
2,5,30,52,59,
7,31,38,48,70,
4,24,28,39,59,
4,8,21,29,45,
8,31,45,61,64,
5,30,35,64,70,
1,4,33,47,66,
8,24,47,49,64,
1,3,34,36,53,
4,7,21,28,54,
7,24,32,37,49,
4,21,27,34,36,
3,24,28,53,57,
2,22,35,64,67,
5,25,27,34,50,
2,22,31,55,58,
8,26,43,45,61,
5,20,33,48,63,
6,34,42,45,67,
2,7,33,64,67,
2,22,33,40,65,
9,22,29,32,42,
8,20,26,43,61,
3,25,32,35,64,
2,6,34,51,53,
4,21,28,49,70,
8,28,31,52,55,
9,20,33,35,48,
4,21,24,33,53,
9,20,24,34,39,
5,8,30,32,63,
1,8,30,39,53,
8,29,32,35,40,
5,8,26,37,66,
6,8,29,31,33,
5,24,39,46,60,
3,22,28,43,49,
1,24,27,32,39,
1,7,24,26,32,
1,22,29,31,36,
5,30,38,61,69,
3,20,27,46,67,
8,24,26,37,47,
6,26,29,35,52,
8,35,37,42,49,
3,20,28,33,57,
3,7,22,36,38,
2,6,30,39,61,
5,7,23,34,36,
1,8,24,31,39,
7,20,34,36,59,
4,24,29,35,38,
7,22,26,30,55,
2,20,34,47,63,
9,32,34,61,65,
3,21,32,45,66,
2,8,25,33,46,
6,26,29,33,58,
7,33,36,46,67,
2,5,34,51,57,
4,25,32,43,47,
4,8,39,54,59,
8,29,31,37,42,
2,23,31,42,48,
6,29,32,49,69,
9,22,36,48,69,
3,22,37,60,69,
3,21,32,35,52,
7,29,32,36,59,
5,8,23,34,53,
3,28,30,39,43,
6,25,36,51,58,
7,24,31,40,65,
2,30,37,60,67,
2,7,34,40,69,
1,24,27,34,65,
5,26,43,48,70,
7,30,43,60,66,
6,34,39,65,67,
4,30,47,63,68,
7,24,26,34,55,
8,20,23,33,36,
5,20,34,38,51,
3,20,32,50,53,
8,29,36,39,59,
4,22,30,39,59,
3,20,33,39,46,
5,31,46,48,70,
1,8,26,45,69,
3,9,29,32,60,
5,36,39,43,70,
3,23,31,42,48,
8,25,32,51,55,
1,4,29,51,54,
1,20,22,31,45,
2,5,21,25,36,
4,21,25,34,53,
2,5,21,34,39,
7,36,49,64,67,
1,3,20,32,52,
1,22,36,61,69,
5,24,35,43,68,
4,8,31,55,58,
7,21,36,42,70,
1,8,22,42,49,
7,20,30,32,59,
2,22,27,43,48,
8,23,33,49,60,
3,20,23,32,48,
3,23,26,34,60,
5,8,35,38,45,
3,6,20,25,32,
9,28,45,66,70,
2,5,22,29,57,
2,5,35,46,48,
5,29,46,60,65,
3,27,37,52,58,
4,24,33,38,61,
2,6,33,39,58,
2,9,24,33,36,
6,8,25,32,39,
7,33,46,49,68,
2,6,34,49,69,
5,7,34,46,67,
4,8,27,39,59,
1,27,29,36,48,
5,29,33,40,42,
3,5,32,34,50,
7,20,24,37,52,
1,20,45,66,69,
8,27,32,40,65,
2,5,21,36,54,
2,30,32,53,59,
5,24,26,37,39,
1,4,22,39,54,
4,27,33,40,61,
7,24,29,52,57,
2,9,33,45,66,
8,23,27,36,45,
4,8,29,31,40,
6,33,49,61,70,
2,20,34,37,65,
1,25,36,42,60,
3,8,20,37,42,
3,9,24,28,53,
6,25,29,42,60,
7,9,22,42,47,
1,8,27,36,61,
9,22,26,31,33,
8,20,29,35,40,
3,5,23,36,48,
9,24,29,32,39,
8,26,33,45,64,
2,5,23,30,35,
5,22,29,35,40,
4,8,27,54,59,
2,25,28,32,37,
1,32,47,67,70,
1,20,31,36,66,
9,26,31,34,52,
2,4,30,37,51,
2,31,40,47,66,
1,20,24,39,66,
3,34,40,42,69,
2,22,29,38,49,
3,7,26,38,67,
5,22,30,40,69,
3,20,30,52,57,
7,26,35,40,68,
1,4,24,39,47,
6,27,31,39,54,
6,25,36,39,45,
8,26,38,49,65,
8,27,36,49,63,
2,30,33,63,67,
2,8,25,33,40,
6,8,33,39,53,
8,21,24,36,47,
3,6,33,36,54,
5,22,35,60,64,
9,33,47,66,68,
5,22,24,37,51,
4,25,30,39,46,
1,8,22,28,53,
9,20,26,51,54,
4,21,36,61,70,
2,5,21,31,34,
1,22,47,49,66,
5,26,35,46,67,
5,7,25,34,50,
5,27,30,37,68,
2,5,23,54,58,
2,23,27,33,58,
3,21,32,49,66,
3,20,28,32,55,
5,22,28,37,61,
7,23,25,32,52,
3,32,34,40,49,
1,4,22,31,36,
4,9,20,30,61,
6,29,32,35,52,
4,7,31,46,70,
4,26,45,63,70,
5,29,32,38,52,
1,8,30,45,69,
4,26,35,54,59,
2,4,24,27,37,
3,32,36,53,57,
1,20,22,34,65,
3,9,20,32,34,
1,7,22,25,32,
1,20,26,49,68,
8,33,35,46,67,
4,7,29,37,54,
2,8,23,42,49,
4,22,35,52,55,
2,26,29,31,38,
1,24,34,51,53,
3,9,32,42,47,
9,22,25,42,69,
4,8,30,43,47,
4,24,36,47,63,
2,6,30,39,67,
3,26,30,32,55,
3,6,20,29,33,
8,21,42,47,67,
4,23,25,47,60,
3,20,27,36,55,
5,21,29,36,60,
5,26,35,40,61,
6,31,35,48,65,
4,23,27,30,33,
3,5,34,38,60,
9,25,36,60,68,
7,9,22,26,39,
8,21,33,36,61,
7,24,35,40,48,
3,6,20,45,48,
5,20,25,30,38,
4,7,23,30,42,
3,8,33,40,65,
5,28,30,33,64,
7,21,24,31,34,
5,27,36,55,58,
5,9,24,42,65,
7,32,34,63,65,
2,28,34,39,55,
4,6,32,61,65,
6,27,36,45,48,
4,24,36,43,65,
4,23,27,39,70,
5,9,28,30,33,
1,30,36,60,67,
6,25,35,42,68,
5,35,42,64,70,
7,24,30,32,55,
4,25,46,65,68,
8,25,32,46,65,
8,27,37,45,48,
8,20,27,33,40,
7,25,36,46,49,
5,28,31,54,57,
4,9,36,53,58,
1,5,36,54,58,
7,24,28,43,49,
3,9,26,31,36,
8,32,36,43,67,
8,33,35,40,70,
3,28,31,42,46,
5,9,28,31,34,
8,23,27,39,68,
5,20,29,36,43,
1,4,30,32,45,
5,8,32,36,59,
2,31,47,61,64,
3,8,26,33,50,
7,28,35,64,70,
3,9,34,60,69,
6,22,31,60,65,
5,35,42,64,66,
7,20,22,31,40,
3,23,28,36,49,
3,7,21,42,66,
6,26,49,67,70,
2,21,35,51,58,
3,23,26,32,39,
4,25,29,42,63,
5,7,28,38,66,
1,7,22,34,39,
1,5,20,29,36,
3,6,27,34,36,
9,22,25,32,36,
4,24,33,36,63,
1,8,20,36,61,
7,9,20,29,58,
7,32,40,61,67,
5,8,23,32,61,
7,34,49,63,70,
6,8,27,35,39,
2,22,29,50,53,
2,21,26,53,58,
7,30,34,51,59,
8,21,34,45,69,
4,21,33,35,58,
7,28,36,40,61,
4,22,28,31,59,
2,8,21,29,39,
5,8,26,29,38,
2,7,21,30,53,
4,32,37,47,61,
1,5,30,36,54,
7,27,35,64,68,
2,23,45,66,70,
2,25,32,38,53,
4,35,37,45,70,
4,33,38,61,67,
1,26,32,35,66,
1,22,33,36,51,
2,9,26,29,36,
4,27,43,47,66,
2,7,25,28,37,
5,22,26,31,59,
5,7,22,35,38,
6,24,27,39,42,
1,24,35,39,48,
7,9,31,60,66,
5,9,22,24,33,
4,8,25,27,50,
6,24,27,36,67,
5,24,36,39,46,
8,20,27,33,55,
9,24,26,31,48,
2,8,21,39,58,
2,4,33,40,61,
7,9,28,48,66,
8,33,42,63,67,
7,30,33,46,60,
4,24,33,38,67,
5,8,23,35,42,
6,33,45,48,69,
7,24,37,42,48,
4,27,40,45,70,
5,23,33,60,66,
2,23,34,42,45,
5,8,21,33,60,
2,28,37,47,67,
2,25,35,54,57,
8,20,27,43,65,
7,25,36,48,64,
2,25,28,39,55,
6,31,34,53,58,
3,8,28,36,63,
6,8,24,47,49,
1,20,24,33,54,
2,5,34,45,64,
2,7,31,34,63,
1,7,29,36,58,
8,27,30,33,57,
5,8,24,35,37,
8,31,37,60,67,
6,8,20,49,61,
9,28,34,39,58,
3,9,26,39,42,
7,29,42,64,66,
1,22,26,35,52,
5,22,34,37,51,
4,24,31,43,45,
2,22,35,46,65,
2,8,36,53,55,
7,22,33,39,64,
5,30,45,47,64,
1,8,39,45,60,
2,5,25,34,40,
1,24,33,53,58,
5,8,27,40,42,
7,22,36,52,55,
1,7,24,27,34,
4,20,24,45,63,
5,34,36,63,69,
5,21,36,42,61,
6,24,35,45,66,
2,9,32,49,61,
1,7,27,42,70,
7,24,34,38,45,
4,24,31,55,58,
1,26,28,30,53,
5,9,34,36,61,
5,25,40,49,66,
2,9,22,25,52,
3,20,23,36,51,
1,20,24,47,60,
5,22,28,34,37,
4,22,29,39,63,
3,22,37,39,42,
1,27,30,32,49,
3,25,28,32,40,
3,20,23,51,58,
5,9,22,39,60,
1,8,22,31,39,
5,9,24,26,35,
2,24,26,43,65,
3,6,34,47,60,
2,4,25,34,63,
5,27,37,48,70,
2,7,35,38,67,
7,20,35,40,48,
2,25,30,51,59,
7,20,31,34,64,
4,29,35,38,58,
9,36,47,66,68,
2,5,23,26,48,
3,7,21,28,34,
8,33,46,67,69,
4,6,20,29,47,
2,31,38,65,70,
2,8,23,28,31,
4,23,25,32,48,
9,20,29,32,51,
7,22,36,38,67,
9,20,22,49,69,
3,22,28,36,63,
5,20,25,48,64,
4,7,21,25,36,
7,20,23,48,69,
7,33,38,66,68,
5,27,46,48,61,
1,20,28,49,66,
3,30,32,51,57,
5,7,30,40,45,
2,22,27,47,64,
6,8,28,45,49,
8,23,28,45,49,
9,22,30,33,52,
2,8,20,23,31,
2,7,22,46,61,
3,5,21,36,60,
5,8,23,32,36,
7,9,24,32,52,
3,7,26,30,37,
5,28,34,37,48,
8,23,27,34,49,
3,26,38,45,67,
2,24,34,43,49,
4,20,35,37,58,
1,8,32,53,58,
5,27,46,48,68,
6,27,29,49,70,
3,9,26,28,39,
3,7,24,37,60,
2,8,37,45,61,
9,24,26,48,69,
4,29,32,37,61,
5,22,31,46,48,
1,27,32,34,65,
2,21,24,31,36,
2,5,36,43,67,
5,22,40,48,69,
2,31,34,47,63,
7,9,36,42,61,
3,21,27,32,42,
7,21,28,30,36,
8,23,27,31,48,
5,7,20,46,66,
6,24,35,47,61,
9,26,29,36,51,
3,28,32,47,64,
6,25,32,51,54,
9,22,33,35,52,
8,22,32,35,63,
6,20,29,47,61,
5,36,40,49,68,
1,8,22,42,69,
9,36,49,68,70,
7,24,35,61,64,
5,24,33,38,51,
9,20,30,36,67,
2,5,33,55,58,
7,22,29,38,45,
6,26,33,47,66,
4,8,23,42,67,
7,23,29,32,48,
7,23,30,39,68,
5,21,24,35,66,
6,24,32,47,67,
4,31,38,48,69,
2,25,33,61,64,
1,24,30,35,60,
8,33,36,52,59,
7,20,22,33,55,
1,7,20,30,45,
4,23,29,35,66,
1,20,45,47,68,
5,28,38,49,66,
2,6,29,47,60,
3,32,36,64,69,
5,26,42,64,67,
7,28,34,46,67,
1,5,24,30,52,
3,6,20,34,53,
7,38,42,65,70,
9,24,26,31,39,
4,33,43,61,66,
2,22,33,39,43,
5,8,34,39,43,
2,5,30,38,51,
2,32,37,66,69,
1,32,34,51,58,
2,5,23,34,36,
5,8,20,22,43,
4,24,29,31,40,
3,26,43,45,66,
7,30,40,48,65,
3,21,30,36,60,
3,20,24,39,55,
4,9,24,27,42,
7,31,40,60,67,
2,20,25,38,47,
9,20,27,36,67,
2,30,36,53,59,
8,20,27,46,67,
2,31,45,64,68,
7,22,48,63,69,
2,9,22,45,61,
1,8,28,33,45,
9,28,34,42,49,
6,20,27,30,33,
2,8,33,46,49,
2,25,39,52,55,
5,22,27,50,58,
5,8,25,28,50,
4,20,34,49,63,
2,29,39,50,58,
6,20,45,47,68,
6,20,22,39,69,
3,8,28,40,45,
1,20,25,34,51,
8,37,39,48,65,
2,24,31,35,55,
3,5,26,46,48,
9,20,30,33,52,
7,20,34,40,49,
3,6,20,33,36,
5,25,31,40,66,
6,24,27,39,58,
2,29,32,37,54,
1,4,29,42,70,
5,28,30,38,69,
3,27,42,63,70,
5,26,34,39,50,
8,27,29,60,63,
3,7,28,34,46,
5,8,32,61,64,
7,21,30,32,58,
6,8,29,31,35,
1,27,30,32,60,
2,24,31,43,61,
5,22,37,42,60,
3,8,32,40,49,
5,8,29,38,42,
3,6,32,45,68,
8,28,31,38,67,
7,27,30,36,64,
7,24,36,43,45,
8,27,30,45,63,
5,29,31,46,60,
2,7,23,34,45,
3,7,32,52,59,
9,20,36,65,67,
4,9,29,42,48,
6,30,35,42,49,
3,27,32,43,68,
5,9,34,48,69,
7,24,43,65,68,
6,20,33,45,68,
6,35,39,68,70,
4,24,26,37,49,
9,34,45,60,67,
2,7,24,31,57,
4,8,27,35,63,
3,5,28,36,63,
9,27,30,32,51,
3,7,23,30,32,
5,24,48,63,69,
4,33,45,63,70,
3,6,27,42,69,
4,20,43,49,67,
7,30,38,47,61,
3,28,35,40,42,
7,21,36,49,68,
3,24,31,33,46,
1,7,24,28,30,
9,28,34,47,66,
2,8,35,37,47,
1,22,24,39,42,
7,30,49,61,64,
1,4,35,53,58,
9,20,26,30,61,
9,22,25,32,39,
5,21,35,66,70,
7,9,22,34,47,
8,24,49,60,63,
6,24,27,32,39,
7,26,30,43,67,
4,21,29,42,67,
4,7,26,29,38,
5,23,26,36,54,
1,8,26,29,35,
2,4,22,29,59,
5,24,31,38,52,
4,9,27,29,42,
6,22,27,36,39,
6,31,35,52,54,
5,31,40,42,66,
2,29,35,37,68,
8,27,30,39,57,
3,23,26,30,39,
7,31,34,50,58,
8,27,30,33,50,
3,6,20,25,53,
1,28,30,51,53,
2,21,31,35,66,
6,25,34,42,47,
4,27,32,43,68,
7,22,34,49,64,
5,34,38,49,68,
5,20,34,43,60,
7,25,32,54,59,
6,8,20,31,35,
8,24,27,49,63,
2,5,24,49,64,
3,28,31,37,54,
8,29,32,37,49,
7,20,24,33,38,
5,9,20,25,54,
4,20,29,37,54,
4,6,25,29,35,
7,9,20,48,70,
3,8,28,36,59,
8,21,32,60,67,
2,31,36,46,67,
4,6,24,35,39,
8,28,32,43,61,
3,26,38,65,69,
8,21,26,36,39,
4,34,49,61,64,
2,22,29,53,55,
7,35,45,64,68,
6,22,25,35,47,
2,9,24,31,53,
7,28,36,46,61,
7,20,22,38,65,
4,9,22,34,39,
5,20,34,39,57,
6,33,49,60,70,
3,6,36,47,69,
7,29,36,63,66,
1,8,25,32,39,
7,22,32,39,57,
7,9,20,48,68,
4,22,37,61,69,
5,35,40,47,70,
3,5,33,38,52,
2,25,27,33,38,
2,26,31,37,54,
5,22,27,39,46,
5,28,30,37,58,
5,31,40,68,70,
1,3,26,45,66,
5,33,39,46,70,
2,9,36,47,68,
4,8,29,47,63,
8,26,37,45,67,
5,30,38,42,49,
8,31,33,50,53,
3,6,22,26,33,
7,26,30,32,59,
1,24,30,42,45,
1,4,25,30,51,
3,5,30,36,43,
5,9,26,29,52,
4,24,35,43,60,
7,9,32,34,58,
3,23,32,35,42,
2,32,43,66,69,
2,6,24,27,33,
3,7,24,39,46,
4,27,34,36,55,
2,30,32,63,67,
7,27,31,50,54,
3,7,26,34,43,
6,8,26,49,61,
1,22,28,31,33,
3,5,20,46,68,
5,22,34,37,65,
7,24,26,43,69,
7,20,25,38,48,
8,23,26,31,36,
6,8,24,39,53,
8,25,27,33,38,
6,22,31,35,66,
2,24,27,31,37,
5,8,27,42,46,
9,26,28,34,45,
2,22,28,51,59,
3,26,39,46,61,
2,25,27,39,46,
1,24,34,39,53,
8,20,23,34,53,
1,20,31,60,68,
5,20,29,38,58,
3,7,26,46,67,
2,4,24,29,57,
2,6,35,48,69,
8,20,29,40,45,
2,5,24,31,59,
4,22,26,39,59,
4,25,39,46,67,
2,5,32,37,54,
3,5,26,36,38,
8,27,31,36,63,
5,8,20,32,55,
3,5,26,50,52,
3,24,42,63,69,
5,27,42,48,63,
9,26,30,45,61,
2,25,37,51,58,
4,24,32,37,45,
4,30,35,40,49,
3,7,26,32,50,
3,34,47,60,63,
7,9,28,30,52,
6,27,32,47,61,
1,22,36,51,54,
1,26,35,47,66,
3,20,32,43,48,
4,7,25,54,57,
1,22,27,42,68,
1,8,27,36,51,
6,27,30,34,65,
5,30,37,53,58,
6,22,29,39,69,
6,29,35,45,66,
8,22,26,35,37,
5,28,33,48,63,
7,26,29,50,58,
6,25,27,36,51,
7,36,43,66,70,
6,22,29,33,35,
7,22,42,46,67,
5,22,34,43,47,
3,21,24,31,42,
3,8,20,51,55,
4,23,29,31,34,
2,8,29,45,63,
9,27,39,60,66,
1,25,32,51,54,
2,4,27,37,54,
9,36,39,68,70,
9,25,30,36,52,
4,20,35,37,61,
4,9,33,39,70,
7,22,30,33,59,
5,23,26,30,48,
4,24,27,42,63,
4,29,34,36,55,
2,21,24,34,47,
1,31,36,60,68,
9,26,29,42,61,
1,25,28,31,34,
9,27,34,42,45,
6,35,45,47,66,
5,24,28,34,57,
3,22,36,40,49,
6,25,28,35,51,
4,25,35,50,53,
7,9,26,45,48,
8,20,35,43,68,
4,24,42,45,63,
2,9,22,29,42,
2,24,35,37,47,
1,32,34,45,48,
1,30,39,66,69,
2,9,22,27,48,
4,8,29,33,38,
8,20,28,35,37,
1,4,27,30,33,
1,25,30,39,52,
2,8,29,52,55,
5,30,36,47,63,
6,25,31,39,54,
1,7,20,25,42,
6,35,47,65,68,
4,23,35,48,68,
2,9,29,36,60,
5,9,26,30,51,
1,5,26,34,36,
5,22,31,36,64,
1,7,22,28,31,
3,6,28,47,67,
4,30,40,47,69,
4,26,31,34,55,
4,23,29,39,54,
3,20,47,64,68,
5,24,37,45,70,
9,26,32,35,61,
2,5,35,40,66,
4,22,43,47,65,
1,24,32,60,67,
7,35,40,47,66,
2,4,35,55,58,
3,6,24,28,39,
3,26,31,36,64,
4,24,26,31,37,
4,9,25,42,65,
4,23,31,35,66,
2,5,25,34,59,
5,8,29,32,40,
5,24,29,38,51,
5,20,34,39,64,
5,24,26,47,64,
6,32,47,49,70,
1,20,32,48,69,
3,21,26,31,34,
2,9,24,34,53,
3,26,29,38,51,
8,20,23,33,60,
2,9,28,48,67,
9,20,28,30,61,
3,6,30,42,47,
4,20,31,55,58,
2,27,37,45,66,
7,36,43,45,66,
5,22,35,40,65,
5,24,31,50,58,
9,28,34,47,61,
2,29,48,60,63,
3,20,33,43,66,
2,5,30,37,53,
9,30,36,47,68,
9,24,33,49,68,
3,5,29,46,60,
1,7,26,30,35,
2,22,26,37,61,
9,20,35,48,60,
7,9,34,36,61,
5,24,31,46,48,
5,25,27,38,60,
9,22,29,32,53,
8,25,36,43,60,
7,28,30,61,63,
7,9,20,25,30,
6,24,27,30,49,
8,30,43,47,60,
1,5,24,30,33,
4,6,24,45,49,
2,29,42,63,67,
4,7,25,35,38,
1,22,26,31,49,
6,24,27,35,53,
4,7,22,29,55,
8,26,31,39,64,
2,7,38,61,70,
1,24,28,39,58,
3,20,24,43,47,
8,22,28,39,57,
6,34,36,45,61,
8,32,40,65,69,
4,8,22,43,49,
8,35,43,65,70,
2,28,40,49,67,
2,26,35,37,54,
2,23,36,49,66,
2,9,20,24,51,
8,23,35,51,54,
1,27,34,36,51,
6,25,31,36,67,
5,24,34,38,53,
9,25,36,39,58,
7,22,31,36,55,
5,26,34,63,69,
3,23,28,30,33,
4,6,29,49,68,
3,26,39,64,70,
4,24,28,53,55,
1,3,28,47,60,
4,8,25,38,65,
2,4,24,29,37,
2,9,28,36,61,
6,8,33,36,45,
3,27,30,36,59,
3,23,34,47,60,
2,6,26,29,35,
8,27,34,38,53,
2,27,39,64,70,
3,27,36,60,64,
7,25,30,46,65,
3,26,34,36,63,
4,24,34,37,49,
3,22,32,35,40,
1,22,24,42,47,
8,21,30,33,49,
3,5,24,31,46,
2,5,34,38,45,
8,22,35,38,51,
2,9,32,49,67,
6,28,31,34,65,
3,28,35,52,57,
7,23,26,45,66,
6,8,28,47,49,
4,6,25,36,61,
4,23,34,48,65,
2,27,40,48,61,
3,7,26,29,50,
3,8,36,39,57,
7,9,26,34,65,
2,5,23,48,67,
5,8,38,45,48,
7,27,37,52,54,
1,24,26,31,36,
5,33,38,42,70,
8,20,23,35,52,
9,28,30,33,49,
5,36,46,49,70,
3,7,23,30,42,
9,25,48,60,69,
3,28,32,52,59,
2,23,27,39,66,
4,25,34,42,63,
5,24,34,36,43,
3,6,22,32,49,
5,23,30,36,66,
2,21,35,42,66,
2,5,35,38,68,
2,7,30,32,43,
5,28,32,38,61,
3,7,31,40,48,
1,22,31,36,45,
8,27,31,40,65,
5,34,43,45,70,
7,35,40,48,61,
4,7,25,33,38,
5,8,35,38,53,
2,27,30,38,53,
2,8,23,29,39,
3,8,28,37,39,
4,8,35,37,49,
4,20,23,30,33,
4,25,29,38,49,
4,21,28,42,67,
2,22,25,40,45,
8,21,28,30,49,
7,21,27,34,42,
7,21,34,42,68,
1,25,28,49,68,
9,20,30,36,61,
2,5,23,30,54,
4,6,22,33,51,
6,20,45,49,61,
1,22,26,32,35,
9,26,33,47,70,
2,30,34,51,55,
5,32,35,64,70,
9,26,49,61,70,
9,36,49,61,66,
2,21,24,30,35,
4,8,21,35,60,
4,8,21,39,47,
4,6,24,27,53,
6,27,31,39,58,
7,20,30,38,51,
7,24,38,65,67,
8,24,26,47,63,
2,27,38,53,58,
2,29,40,65,67,
8,31,46,60,65,
7,24,33,35,64,
2,6,25,47,69,
4,24,35,52,55,
2,22,37,49,60,
6,33,35,51,54,
4,21,28,45,66,
2,7,27,48,63,
1,4,31,53,58,
8,22,31,37,52,
5,24,31,34,50,
6,36,39,49,67,
2,22,27,39,50,
7,34,38,42,67,
5,25,30,37,52,
4,7,37,61,66,
2,23,26,33,54,
3,7,24,40,60,
2,8,37,42,45,
5,8,23,27,30,
1,22,26,35,47,
7,25,30,36,57,
7,30,35,50,58,
3,6,20,30,39,
1,30,42,47,66,
8,21,32,51,58,
4,24,30,53,55,
2,5,30,37,52,
7,20,30,33,64,
3,20,28,33,46,
9,29,36,42,48,
3,22,31,38,45,
4,7,28,40,61,
3,6,32,35,54,
5,24,27,40,42,
3,6,20,25,35,
5,9,22,47,66,
6,8,33,60,69,
1,3,22,45,60,
7,24,28,34,37,
5,20,24,35,50,
7,24,33,43,68,
3,9,20,34,49,
5,25,32,37,48,
3,22,49,64,69,
8,20,33,39,46,
4,6,25,29,36,
4,8,21,51,58,
3,20,22,32,59,
4,29,36,39,64,
3,20,33,64,70,
8,22,27,40,45,
2,7,21,34,36,
1,8,27,39,70,
2,25,43,47,60,
3,33,42,64,68,
3,29,31,40,60,
7,24,28,35,57,
5,8,22,52,59,
1,30,32,42,67,
9,27,30,35,52,
4,27,37,60,68,
7,9,25,36,52,
7,25,39,42,46,
2,23,32,49,68,
6,28,39,48,67,
2,5,30,32,59,
1,31,39,54,58,
1,8,33,36,52,
3,9,24,32,51,
1,28,31,34,48,
8,21,28,36,67,
1,7,26,29,52,
5,20,23,54,58,
9,20,28,34,51,
3,26,28,38,45,
1,29,32,39,54,
2,21,31,34,54,
4,8,25,28,43,
8,23,32,39,65,
8,20,33,46,49,
4,31,35,43,66,
7,29,35,38,52,
3,8,23,27,32,
8,27,30,37,65,
6,22,27,30,45,
6,26,30,33,53,
4,7,34,39,50,
2,6,25,29,33,
1,4,20,47,68,
1,8,35,42,70,
9,24,31,35,54,
8,26,28,35,37,
2,6,35,47,67,
3,7,36,64,66,
4,25,30,45,64,
7,20,31,37,58,
3,21,28,30,53,
8,23,25,49,60,
8,22,35,37,65,
4,23,32,47,67,
7,24,29,31,38,
4,21,24,39,58,
3,7,21,32,34,
2,24,37,39,60,
7,21,32,49,66,
5,8,20,38,69,
5,24,37,66,69,
6,22,33,39,45,
5,20,24,32,43,
2,33,47,64,67,
7,21,42,49,68,
7,31,34,50,52,
4,28,34,39,59,
4,9,33,61,68,
4,20,24,35,57,
1,8,24,27,33,
7,28,34,49,64,
3,5,24,35,38,
3,7,27,40,70,
6,31,35,52,58,
7,38,47,60,66,
5,8,28,53,55,
6,33,39,61,68,
1,3,22,26,35,
7,27,32,46,68,
7,24,26,31,55,
5,9,24,47,70,
4,23,27,34,36,
5,26,29,36,57,
1,28,30,49,65,
5,9,25,32,48,
4,7,27,54,57,
5,29,32,37,54,
5,28,35,37,54,
4,27,47,63,70,
5,22,27,38,69,
6,36,45,47,70,
8,23,28,31,39,
2,6,20,39,67,
7,20,29,46,48,
5,24,31,42,64,
3,26,36,54,59,
2,9,20,29,53,
2,5,22,51,55,
4,22,27,46,69,
3,28,39,64,69,
4,25,28,46,49,
4,23,32,35,54,
4,8,35,43,67,
3,32,49,64,70,
6,20,25,36,51,
8,28,35,38,53,
2,29,32,46,69,
3,7,34,36,64,
2,7,22,31,59,
7,20,22,31,57,
4,25,27,55,58,
3,23,32,47,70,
5,8,23,32,52,
8,34,39,64,69,
9,24,31,33,48,
4,26,38,47,67,
3,5,30,35,46,
5,28,30,37,52,
1,8,20,32,61,
2,22,31,33,59,
6,8,27,49,68,
6,29,35,45,70,
4,25,27,38,66,
1,20,24,39,69,
6,8,22,45,69,
6,24,27,33,39,
4,7,31,40,68,
5,21,24,42,45,
5,8,31,34,63,
4,21,28,34,51,
3,6,20,29,36,
4,9,28,42,61,
2,27,30,38,49,
3,22,26,37,42,
2,31,37,48,68,
2,25,33,40,68,
1,22,34,39,53,
8,21,36,39,51,
2,29,32,54,57,
2,24,37,45,68,
8,20,25,31,43,
6,22,45,47,67,
3,29,32,38,53,
7,31,42,46,70,
5,22,36,38,69,
2,9,30,36,49,
2,4,33,43,70,
5,26,33,38,54,
3,5,34,42,63,
2,24,31,46,61,
8,27,40,60,69,
1,25,27,32,42,
3,28,31,34,57,
5,9,20,45,48,
6,8,27,39,70,
2,6,22,39,61,
8,31,43,60,69,
2,23,25,36,53,
8,24,35,37,60,
7,29,34,50,53,
3,26,30,36,57,
4,25,28,50,53,
5,8,30,37,42,
6,22,27,47,67,
7,21,29,36,52,
8,26,33,38,51,
2,6,24,35,49,
2,4,25,33,57,
2,25,28,36,55,
4,22,33,35,59,
1,22,29,42,69,
3,26,31,47,64,
4,9,25,39,48,
8,21,28,33,53,
2,24,27,38,51,
2,5,25,46,69,
3,6,24,39,51,
2,21,25,30,39,
7,20,27,50,54,
2,31,35,40,48,
3,21,28,32,34,
2,21,32,60,67,
4,26,48,63,69,
8,24,31,43,60,
5,20,32,37,66,
3,7,32,60,64,
2,9,25,31,34,
4,21,29,34,65,
5,32,34,43,60,
4,23,26,34,65,
3,29,32,35,64,
4,7,21,30,54,
2,8,29,33,50,
8,31,35,50,54,
7,20,27,46,48,
1,22,28,39,65,
4,28,33,55,58,
4,6,29,31,58,
9,25,28,33,54,
2,5,29,40,48,
9,26,29,34,45,
5,24,35,40,42,
3,26,35,37,58,
9,24,31,51,58,
3,28,31,46,66,
3,20,36,38,65,
3,26,31,40,65,
4,7,29,36,38,
5,7,24,26,38,
3,29,32,36,63,
3,9,24,36,39,
9,28,34,49,70,
5,8,31,38,49,
3,28,38,42,61,
5,8,24,39,63,
5,8,28,36,63,
7,24,38,45,69,
9,22,34,39,53,
2,27,40,47,66,
2,5,23,30,51,
2,9,31,61,68,
9,25,29,32,42,
3,26,45,49,64,
9,26,34,39,65,
5,30,45,63,66,
1,4,22,39,69,
4,9,32,49,61,
5,32,34,43,67,
2,21,29,36,67,
2,20,30,33,59,
3,24,26,33,59,
8,20,25,35,43,
3,6,24,45,47,
7,24,28,34,55,
3,5,20,22,50,
5,29,40,42,67,
3,8,28,51,55,
2,7,21,34,54,
5,22,27,34,55,
2,9,28,33,54,
2,24,38,67,69,
7,23,30,39,54,
8,27,40,45,61,
7,26,29,38,51,
1,4,27,42,67,
5,20,25,46,68,
1,5,22,51,58,
3,5,20,38,65,
1,25,36,52,58,
9,22,42,47,69,
2,25,33,36,50,
4,8,21,26,33,
3,26,32,36,59,
7,20,24,37,39,
4,9,27,51,54,
1,26,30,49,68,
8,24,27,37,60,
4,24,35,37,60,
6,20,27,30,47,
6,25,28,31,45,
8,22,36,45,63,
7,30,46,61,69,
3,22,31,36,63,
9,31,36,45,66,
1,5,24,26,53,
4,20,29,31,37,
7,23,28,31,34,
5,26,29,54,59,
7,22,34,39,50,
8,24,33,38,51,
9,22,27,32,49,
4,9,27,30,58,
3,9,20,42,68,
1,28,45,66,69,
4,8,23,33,48,
8,24,27,52,59,
9,32,34,49,70,
9,24,36,67,69,
4,6,22,29,31,
2,21,29,33,36,
4,20,36,63,67,
4,7,34,61,64,
5,9,28,39,70,
7,9,20,29,32,
1,5,22,27,32,
5,23,28,31,48,
9,27,34,51,54,
3,26,34,50,53,
3,31,46,60,68,
8,23,36,39,53,
1,4,24,29,35,
2,9,36,39,54,
6,25,30,33,52,
8,26,35,37,68,
3,28,34,37,65,
6,24,33,35,42,
2,7,24,51,57,
6,20,30,49,69,
7,28,40,61,67,
3,7,22,52,59,
8,22,26,35,57,
9,20,47,60,68,
1,8,29,39,42,
7,20,22,40,49,
6,8,20,39,53,
2,7,33,40,68,
6,24,29,39,65,
4,24,29,39,50,
1,4,30,39,61,
1,26,36,48,61,
7,36,45,64,66,
2,25,36,40,49,
3,5,28,34,50,
8,31,33,52,59,
3,5,20,23,48,
5,25,31,38,58,
7,22,29,36,63,
4,8,31,46,69,
1,29,35,52,54,
9,26,30,42,47,
2,22,25,35,63,
1,25,36,39,54,
7,25,30,42,64,
4,29,33,38,66,
4,24,29,43,65,
4,24,32,39,57,
4,21,34,39,54,
2,21,34,42,49,
9,26,31,34,65,
3,8,35,50,52,
4,25,34,36,55,
5,8,23,30,35,
1,5,30,53,58,
5,25,34,40,42,
6,22,27,42,65,
6,33,35,52,54,
3,6,31,45,48,
1,7,20,30,36,
4,25,33,50,54,
2,7,27,29,50,
7,9,26,31,58,
2,9,30,35,48,
1,8,27,30,49,
3,24,28,33,43,
3,9,20,42,67,
4,6,31,51,54,
5,36,46,65,70,
3,5,27,34,40,
4,23,25,45,66,
9,24,34,65,69,
8,26,47,63,67,
8,26,39,53,59,
1,8,24,31,49,
7,26,29,46,48,
5,8,26,37,45,
6,20,24,33,35,
5,8,20,36,63,
1,24,28,34,53,
5,30,47,63,68,
6,25,32,47,69,
4,29,47,63,66,
1,7,30,39,70,
7,27,34,37,54,
2,7,34,43,66,
3,5,24,28,57,
4,9,22,29,39,
1,4,30,47,61,
9,22,33,60,66,
8,28,31,33,63,
2,7,30,54,59,
1,4,22,53,58,
3,28,32,38,69,
4,22,29,47,64,
5,8,35,38,61,
1,7,24,28,35,
7,30,36,53,57,
2,8,26,31,43,
5,34,40,49,61,
4,22,37,48,69,
7,24,38,45,65,
5,8,28,37,67,
2,8,21,30,33,
4,27,29,40,49,
5,9,25,30,36,
4,8,39,43,45,
1,20,22,39,53,
3,24,26,33,63,
5,30,35,46,68,
6,20,25,45,69,
3,5,34,36,55,
5,30,33,63,68,
9,26,31,48,65,
7,22,24,33,55,
2,22,33,51,57,
2,29,32,43,65,
2,23,45,48,60,
2,5,35,64,67,
3,5,26,46,60,
3,26,34,53,57,
4,21,28,32,61,
4,25,34,39,63,
8,27,31,52,59,
3,22,28,35,37,
8,25,47,60,64,
1,4,30,34,47,
8,23,45,49,70,
3,20,26,36,57,
3,7,23,26,32,
4,7,22,32,63,
3,22,33,38,49,
4,27,34,51,57,
5,8,30,35,55,
9,22,39,60,68,
7,24,46,65,67,
4,25,43,47,70,
5,26,49,64,68,
5,34,38,42,47,
7,21,32,35,58,
1,8,30,39,65,
1,7,32,45,68,
3,28,38,66,69,
2,5,36,63,68,
4,25,31,38,52,
5,8,21,36,58,
6,27,33,42,48,
3,5,30,50,52,
1,25,32,39,54,
8,20,24,51,57,
8,29,42,46,69,
3,7,22,32,57,
9,20,33,47,66,
6,28,33,61,68,
3,9,26,51,54,
1,4,29,42,45,
5,23,34,51,54,
9,28,35,60,68,
3,8,20,49,64,
8,31,34,53,57,
6,24,31,42,69,
7,24,29,32,37,
1,26,34,39,65,
9,26,30,39,70,
2,21,27,31,34,
6,25,36,39,69,
3,27,32,38,45,
5,20,23,30,32,
9,34,47,65,68,
3,20,31,40,49,
9,31,36,54,58,
7,30,45,48,63,
2,7,25,33,50,
9,28,32,61,68,
4,29,40,42,61,
8,31,39,55,58,
8,26,45,49,63,
9,28,30,35,60,
8,20,37,39,51,
4,26,30,33,43,
8,35,37,42,70,
8,21,35,42,47,
2,20,24,39,57,
8,20,36,39,57,
9,28,31,47,70,
5,22,36,63,65,
2,5,29,38,47,
5,22,29,37,42,
8,24,36,43,45,
7,20,35,64,67,
5,7,24,26,50,
9,20,35,52,58,
3,30,46,49,65,
9,31,42,60,67,
5,9,32,51,58,
5,8,28,33,37,
3,25,36,40,65,
5,7,22,24,37,
3,28,39,45,64,
7,28,33,55,58,
5,22,30,38,51,
7,30,43,45,70,
5,24,37,42,45,
2,27,29,50,52,
4,25,31,52,55,
5,8,31,37,58,
3,7,32,38,68,
3,5,26,54,57,
5,9,22,26,35,
4,23,34,49,60,
3,26,40,61,65,
1,4,24,35,53,
4,21,29,36,58,
2,7,27,46,70,
2,7,27,30,46,
4,28,34,53,55,
9,29,36,39,70,
4,21,29,60,70,
9,20,39,60,67,
5,21,29,32,58,
2,22,27,52,59,
2,9,29,32,54,
2,7,24,37,52,
4,30,38,45,65,
4,23,29,60,66,
5,8,22,35,57,
3,25,32,52,55,
4,25,30,37,51,
4,21,29,60,66,
5,24,27,38,53,
5,27,34,43,66,
5,26,36,43,68,
1,8,24,49,65,
8,25,32,52,57,
4,7,22,28,55,
8,23,28,42,49,
4,24,31,38,61,
2,31,35,50,54,
4,21,33,51,54,
4,8,39,52,57,
4,29,43,65,70,
3,6,32,45,67,
7,29,32,54,57,
1,22,30,45,49,
3,9,25,36,52,
4,23,39,47,68,
2,23,32,61,67,
6,27,45,48,65,
4,7,38,61,70,
1,7,27,54,58,
3,8,23,32,35,
7,20,46,67,70,
4,9,26,29,32,
1,32,39,47,66,
2,25,37,47,68,
7,24,27,34,59,
1,25,30,42,60,
1,32,35,45,70,
1,7,35,42,68,
2,5,28,55,58,
2,5,29,35,40,
9,22,32,45,49,
6,26,49,61,69,
7,25,28,43,70,
2,25,28,53,55,
5,30,32,53,55,
3,7,20,38,60,
9,28,49,61,68,
2,4,25,34,55,
2,21,26,34,47,
3,6,28,39,60,
7,26,31,43,48,
4,34,40,61,69,
2,23,34,45,48,
8,29,40,47,65,
1,7,22,29,52,
8,26,28,33,57,
7,24,30,45,64,
9,35,39,48,66,
2,9,20,47,68,
3,30,39,50,53,
4,8,20,43,45,
4,22,39,55,58,
3,20,28,36,55,
7,20,38,49,61,
7,38,45,60,67,
8,36,42,63,67,
2,33,43,47,68,
3,21,32,47,70,
6,8,31,33,51,
1,3,20,28,31,
2,9,22,25,45,
7,23,36,48,66,
2,4,22,31,57,
5,9,22,30,42,
2,24,28,35,57,
7,20,33,43,66,
7,23,28,32,61,
2,8,35,53,57,
2,5,31,38,66,
7,26,40,45,68,
2,25,31,50,52,
5,35,37,54,58,
5,33,46,48,70,
4,9,25,28,42,
5,8,27,40,48,
8,35,45,48,63,
3,20,27,52,55,
3,8,32,37,45,
5,8,32,61,63,
1,8,28,34,39,
2,22,32,37,65,
3,9,28,30,36,
1,8,33,39,48,
2,27,31,38,67,
9,29,33,36,54,
2,6,25,35,48,
9,30,45,47,60,
5,7,24,55,58,
4,24,43,49,67,
5,8,20,29,57,
9,24,28,53,58,
3,28,40,42,65,
3,21,26,33,36,
1,5,20,29,42,
2,7,29,32,57,
9,20,29,35,48,
4,34,46,49,65,
1,20,25,42,47,
7,9,22,27,32,
4,34,40,67,69,
1,4,26,31,61,
4,22,27,30,43,
3,6,32,42,61,
5,22,27,34,37,
2,23,36,47,70,
8,24,27,39,46,
4,26,29,50,53,
2,31,34,61,63,
2,25,29,32,57,
2,8,21,31,54,
2,8,30,53,57,
2,5,29,50,52,
1,5,22,30,33,
5,7,28,34,38,
5,20,35,54,57,
2,5,34,40,69,
3,25,32,40,42,
5,27,30,35,64,
8,32,37,60,67,
2,8,39,53,57,
4,7,23,30,53,
4,8,27,46,69,
1,31,48,66,69,
7,23,30,42,68,
2,20,29,35,43,
4,6,29,33,35,
7,24,33,60,63,
4,31,34,63,67,
3,24,28,36,43,
7,24,38,47,67,
2,22,37,39,48,
2,21,25,35,66,
1,27,29,34,36,
5,9,26,48,69,
2,29,33,54,57,
5,32,34,45,63,
4,20,33,40,61,
3,23,26,36,39,
1,5,28,34,53,
1,28,33,36,61,
4,7,22,50,53,
8,29,39,46,69,
3,28,37,65,68,
8,23,29,35,60,
2,25,27,34,59,
4,7,31,34,57,
6,30,35,42,45,
4,21,25,30,60,
6,25,31,42,69,
6,20,24,51,53,
4,30,34,53,57,
1,24,31,33,54,
4,21,39,42,48,
2,4,30,35,55,
4,27,30,39,59,
5,7,33,40,48,
3,5,30,42,63,
9,20,26,33,54,
1,27,29,36,54,
4,22,37,39,49,
8,29,32,60,63,
9,24,27,30,52,
6,27,30,35,42,
5,31,33,50,54,
3,5,26,46,68,
8,23,36,49,70,
9,26,36,39,58,
1,22,35,60,68,
2,25,45,64,67,
2,21,25,34,45,
7,37,39,42,70,
3,6,36,45,49,
8,27,42,63,70,
6,32,35,45,48,
2,26,35,38,67,
4,7,29,39,50,
7,9,22,32,61,
5,25,42,64,68,
1,20,29,42,68,
9,20,28,45,66,
5,20,26,37,67,
9,36,42,60,67,
7,22,30,39,55,
5,34,36,48,63,
4,7,32,63,68,
6,29,32,47,70,
9,29,31,48,60,
8,21,24,47,60,
6,29,34,47,60,
9,26,34,39,61,
2,6,31,53,58,
8,20,49,63,70,
1,27,29,32,42,
7,9,36,49,70,
2,7,27,38,48,
8,21,26,33,36,
1,8,26,45,60,
7,9,20,28,54,
3,26,46,49,69,
6,8,24,49,65,
9,26,30,33,45,
4,9,20,25,47,
5,22,26,35,38,
3,8,33,37,52,
5,28,34,43,60,
9,30,32,45,60,
4,27,29,38,60,
5,23,27,48,66,
1,28,33,35,58,
7,27,29,50,52,
3,6,32,60,65,
7,9,24,31,58,
3,5,28,38,54,
2,8,31,49,63,
3,26,29,42,64,
7,9,24,32,36,
4,20,30,43,45,
2,4,27,29,55,
5,7,25,40,68,
9,20,22,31,33,
5,8,25,40,42,
7,20,24,40,47,
2,27,47,64,66,
3,8,39,42,63,
5,29,32,37,42,
1,25,32,52,58,
6,26,33,35,66,
1,20,26,31,34,
2,21,33,35,58,
2,21,24,39,70,
5,7,30,47,64,
8,26,31,37,54,
8,27,33,40,61,
3,26,32,38,61,
3,6,36,48,65,
9,34,36,45,47,
1,24,28,34,45,
2,29,35,46,48,
5,27,29,46,68,
8,26,29,37,39,
5,20,29,49,64,
1,3,26,28,34,
7,32,38,48,65,
3,6,31,34,53,
8,26,28,35,55,
9,33,35,42,66,
2,21,45,67,70,
7,28,43,47,68,
2,24,26,31,57,
8,23,28,33,35,
1,4,25,32,52,
4,6,25,28,51,
1,4,20,34,39,
7,24,36,52,59,
3,20,42,45,64,
1,8,32,51,54,
2,21,31,39,66,
2,22,27,37,51,
2,8,21,24,45,
6,30,33,49,65,
7,31,40,49,66,
9,36,42,47,70,
6,25,33,35,60,
2,24,33,37,60,
3,22,33,40,42,
4,23,27,48,67,
9,27,30,47,66,
1,8,33,36,61,
9,29,32,49,70,
2,9,22,31,34,
4,7,25,46,67,
5,22,31,38,52,
5,25,36,38,45,
6,34,39,42,65,
2,4,22,33,63,
4,22,29,31,59,
4,22,29,52,55,
7,24,37,39,70,
7,30,32,45,63,
3,26,28,35,59,
2,25,36,43,66,
5,24,27,32,40,
4,8,33,38,61,
2,28,34,37,51,
8,23,30,33,45,
8,27,32,47,64,
6,28,35,60,67,
8,23,27,30,39,
7,9,26,35,54,
8,24,37,45,65,
8,20,31,39,46,
9,33,39,52,58,
2,29,33,38,49,
1,4,34,45,65,
3,23,36,48,65,
4,21,32,34,65,
4,35,38,45,67,
2,7,21,34,58,
3,21,24,36,60,
8,27,30,51,55,
2,22,29,40,69,
6,25,27,42,48,
4,6,22,33,53,
6,24,26,49,69,
2,9,34,42,47,
3,26,32,43,66,
3,20,26,37,48,
6,25,31,42,66,
5,27,34,40,65,
3,7,20,46,68,
2,25,28,30,37,
3,30,36,52,59,
5,8,39,50,53,
5,30,42,49,64,
2,7,34,38,45,
1,4,22,34,53,
2,23,49,66,69,
7,38,45,47,70,
3,23,28,32,53,
8,29,31,38,52,
4,21,25,32,47,
2,23,28,49,61,
5,22,27,32,37,
1,20,29,60,68,
7,22,40,61,69,
7,26,31,43,70,
8,26,35,53,57,
5,22,24,31,38,
2,9,29,42,68,
4,7,29,38,67,
5,20,33,46,66,
2,25,27,32,57,
2,22,27,37,66,
8,26,31,35,40,
9,22,32,51,53,
4,21,39,49,66,
2,8,31,53,55,
4,23,33,49,70,
2,21,27,45,68,
7,9,30,36,54,
1,8,20,30,39,
4,9,20,27,58,
7,26,31,40,70,
8,24,42,63,69,
8,27,31,46,66,
7,34,39,55,58,
4,21,27,35,48,
7,9,20,25,54,
4,6,22,33,39,
2,4,29,35,55,
2,9,25,30,39,
3,9,24,28,35,
5,24,28,39,43,
8,29,32,35,50,
4,8,31,43,70,
7,9,20,33,54,
5,20,36,43,68,
5,8,23,36,45,
7,28,34,37,49,
5,7,38,42,67,
4,27,31,43,48,
6,27,45,65,70,
1,20,28,39,61,
7,30,33,43,48,
7,34,40,47,60,
5,26,33,38,48,
3,20,23,30,36,
2,5,21,34,51,
1,8,27,35,58,
8,26,31,39,55,
4,9,30,42,47,
4,27,43,66,70,
7,30,35,46,68,
3,20,38,48,69,
4,9,20,24,51,
7,34,46,48,65,
8,28,33,52,57,
2,9,24,26,33,
9,20,24,31,52,
5,29,32,38,51,
5,20,38,48,61,
6,24,29,33,49,
3,5,30,46,69,
9,24,35,42,61,
4,7,28,30,57,
9,32,34,45,67,
6,22,27,33,52,
5,35,40,42,61,
1,5,28,34,39,
7,27,38,45,66,
2,4,27,30,59,
2,23,32,42,61,
1,26,47,66,70,
2,25,35,63,70,
8,21,33,36,48,
3,7,30,36,46,
7,25,38,42,70,
8,27,40,42,69,
7,27,34,52,57,
7,9,39,54,58,
3,20,24,31,50,
5,34,43,47,70,
1,31,34,42,65,
7,25,28,38,65,
2,8,39,63,70,
7,24,29,38,52,
6,25,30,35,47,
2,23,49,61,66,
4,6,36,39,61,
8,23,27,39,52,
5,8,24,37,65,
4,31,38,47,70,
3,32,36,63,70,
4,9,20,25,51,
4,8,21,36,65,
2,29,38,61,69,
6,8,29,32,47,
7,26,38,53,58,
4,8,26,37,39,
8,26,40,45,61,
4,23,28,39,70,
2,25,31,38,68,
4,9,39,42,67,
7,22,33,36,63,
4,7,23,34,52,
2,9,26,35,54,
2,30,37,47,65,
5,27,34,38,58,
7,22,27,48,64,
2,4,25,32,59,
7,22,34,43,49,
4,29,36,38,67,
1,7,20,36,48,
8,24,26,39,57,
7,36,38,67,70,
5,22,26,33,38,
3,7,32,40,70,
9,34,47,66,69,
2,25,36,52,55,
2,25,38,66,69,
3,6,24,26,33,
4,21,33,52,58,
1,28,39,45,48,
7,27,43,60,68,
2,29,40,49,68,
1,24,27,42,60,
2,27,30,53,57,
2,21,24,34,49,
7,24,31,38,48,
6,27,36,39,66,
5,23,28,39,66,
2,7,23,25,36,
4,22,42,47,63,
2,29,32,35,64,
4,8,28,31,55,
2,29,38,51,58,
4,24,27,35,64,
4,9,24,26,33,
4,23,27,34,60,
2,33,38,61,70,
3,6,28,32,45,
4,9,29,39,42,
3,26,35,40,61,
4,29,33,42,63,
1,29,42,47,66,
2,21,25,34,53,
3,20,28,38,45,
7,27,31,34,64,
5,24,27,34,37,
5,22,38,45,69,
1,8,20,27,39,
8,25,35,40,47,
1,22,36,47,70,
1,22,24,51,53,
3,26,39,64,68,
4,21,28,33,58,
3,22,39,43,60,
2,5,22,38,49,
4,9,24,39,52,
3,5,26,29,50,
9,27,49,66,68,
7,33,36,48,64,
2,25,33,36,46,
5,7,31,34,64,
2,7,22,36,59,
1,25,28,42,45,
8,32,35,46,69,
4,20,37,39,66,
1,22,36,65,67,
7,24,29,37,60,
1,30,34,49,60,
7,23,30,53,58,
4,24,27,40,45,
8,33,38,49,68,
7,20,34,38,67,
1,4,28,45,70,
9,34,36,47,68,
4,20,34,43,49,
7,22,28,49,64,
2,5,23,27,30,
9,20,39,42,67,
3,8,36,53,55,
5,8,27,39,64,
2,20,22,47,63,
8,21,32,48,69,
7,26,34,48,63,
7,24,43,60,66,
1,4,27,34,36,
1,20,34,65,69,
9,22,30,39,60,
1,3,32,39,58,
3,6,22,33,49,
3,6,31,35,52,
3,7,30,40,69,
7,23,34,49,60,
3,5,22,28,37,
5,29,43,60,68,
7,28,35,40,48,
7,9,24,28,31,
9,26,34,42,47,
9,34,39,60,68,
7,22,27,43,70,
1,25,27,36,66,
3,28,38,45,61,
8,22,35,53,59,
2,7,38,61,68,
2,25,27,54,57,
1,4,32,39,61,
7,29,34,36,57,
1,8,26,29,32,
3,34,39,46,60,
3,20,35,43,70,
9,22,47,49,68,
5,36,39,46,61,
5,24,32,36,57,
5,27,49,64,68,
8,26,43,49,70,
2,7,24,32,57,
9,26,45,47,70,
2,4,23,29,42,
1,5,26,34,65,
4,20,25,35,57,
4,6,25,31,34,
8,24,28,31,59,
4,9,20,33,58,
9,31,39,66,70,
6,26,28,45,67,
5,28,42,61,64,
2,7,21,24,54,
5,8,34,46,49,
7,23,28,31,48,
8,21,27,45,68,
6,8,33,39,67,
5,30,38,45,47,
2,9,22,24,39,
1,20,36,45,61,
8,21,29,36,53,
1,32,34,51,54,
5,24,34,37,53,
8,23,36,45,60,
9,24,26,45,47,
2,8,25,37,53,
9,32,34,49,65,
5,20,40,48,65,
3,7,36,43,66,
9,20,24,47,67,
5,9,24,32,36,
9,25,32,36,66,
3,20,26,31,55,
2,9,24,28,31,
2,20,23,34,39,
5,8,24,53,59,
2,7,33,50,54,
5,8,30,33,46,
1,5,27,42,66,
3,26,28,51,57,
6,26,45,49,61,
7,28,30,39,63,
8,21,29,39,60,
1,3,20,47,60,
8,27,36,61,63,
7,26,34,38,69,
8,32,45,64,67,
1,24,30,42,49,
1,22,28,30,39,
1,20,24,39,53,
7,38,45,48,61,
4,7,22,31,46,
1,22,31,34,60,
7,9,30,36,51,
2,27,35,64,68,
3,27,36,42,64,
9,20,25,34,47,
6,28,39,48,69,
9,32,36,51,58,
1,7,20,39,58,
4,7,22,32,59,
5,21,30,36,45,
4,7,22,25,43,
4,22,37,47,60,
1,3,27,34,60,
2,5,21,26,34,
1,27,36,39,66,
6,20,22,33,35,
2,21,28,45,66,
5,34,38,42,45,
8,28,31,34,57,
3,22,37,42,45,
2,5,35,64,70,
4,34,49,64,67,
4,31,38,42,61,
3,26,29,32,38,
9,22,26,31,36,
1,26,36,61,65,
8,26,31,35,57,
4,6,22,31,33,
3,29,36,38,45,
6,8,29,35,60,
8,33,43,66,69,
2,20,25,33,37,
8,24,32,39,43,
3,6,29,31,52,
1,26,29,47,66,
4,22,33,43,70,
1,20,26,34,49,
2,4,21,25,47,
2,6,34,47,67,
1,8,24,33,39,
5,7,28,50,54,
8,31,42,64,67,
3,31,42,60,63,
3,21,26,45,70,
5,26,43,65,70,
5,23,35,54,58,
5,22,31,46,66,
6,24,31,33,42,
8,36,45,63,67,
6,22,36,39,53,
4,29,33,42,46,
7,21,26,30,39,
1,4,24,28,49,
1,20,27,34,47,
6,22,26,31,51,
7,38,42,47,66,
4,20,35,38,61,
1,22,26,30,39,
2,24,29,36,63,
3,7,22,38,69,
3,21,32,39,66,
3,28,35,39,50,
9,30,36,49,69,
2,22,33,45,64,
1,4,25,32,45,
7,9,35,52,54,
4,32,48,63,67,
5,28,47,64,70,
2,9,22,35,58,
3,23,28,32,34,
2,9,20,34,51,
3,7,24,45,64,
4,24,29,35,50,
9,34,45,47,68,
3,28,30,37,60,
9,29,36,42,65,
5,22,31,45,64,
2,7,35,64,68,
8,33,47,60,63,
7,30,37,42,45,
8,21,34,42,65,
9,32,49,65,68,
2,8,23,28,51,
8,27,48,63,69,
9,26,34,45,47,
2,5,23,34,49,
5,32,39,46,48,
1,3,32,42,68,
8,21,45,47,66,
3,5,20,23,32,
4,35,46,60,67,
3,20,25,32,46,
2,27,38,61,69,
6,29,31,36,45,
5,20,29,55,58,
2,9,26,30,51,
2,4,23,25,33,
2,23,32,36,67,
5,7,25,30,46,
7,9,24,28,47,
1,5,22,32,52,
8,20,31,37,65,
4,22,26,31,59,
7,24,38,42,47,
8,21,27,30,36,
5,21,49,66,68,
8,24,47,64,69,
9,20,28,35,61,
3,7,20,34,63,
7,26,31,50,58,
5,22,25,35,38,
8,21,24,33,45,
7,22,26,40,61,
2,22,36,53,57,
5,27,30,34,57,
3,31,42,46,69,
3,31,37,42,48,
7,21,34,52,54,
5,20,28,34,63,
1,3,24,26,51,
2,24,28,45,63,
6,8,20,27,45,
3,9,36,45,70,
7,20,23,30,60,
3,7,23,34,42,
5,27,31,50,54,
3,20,25,49,64,
2,33,37,60,66,
8,32,43,60,67,
1,25,28,47,66,
2,8,33,40,47,
5,24,26,37,42,
9,24,28,35,51,
7,21,26,48,67,
3,21,26,47,68,
5,20,24,36,55,
1,20,28,33,54,
6,24,33,39,60,
3,34,38,60,65,
9,24,35,51,58,
3,9,25,32,42,
5,26,45,64,68,
3,32,43,60,70,
1,32,34,42,65,
2,23,47,66,69,
2,5,21,34,52,
9,24,29,32,53,
3,5,32,48,64,
1,26,33,36,66,
6,20,31,39,54,
1,5,20,24,47,
2,20,31,54,57,
8,22,33,63,65,
2,24,37,61,69,
1,24,36,39,42,
3,26,29,33,46,
5,8,29,36,55,
8,23,28,32,35,
3,27,32,40,68,
8,28,35,63,67,
7,27,36,64,68,
3,34,36,43,45,
5,20,24,39,46,
8,26,35,46,67,
2,25,33,63,66,
2,5,23,30,53,
1,8,26,49,70,
4,25,33,64,69,
2,30,36,43,49,
3,22,26,53,57,
5,23,26,39,66,
3,7,20,27,38,
6,27,30,39,42,
1,5,22,32,45,
9,22,31,36,51,
2,30,39,43,48,
3,28,32,37,66,
5,25,27,30,50,
4,25,28,54,59,
8,29,37,47,60,
2,24,29,37,51,
4,32,38,65,67,
4,21,25,36,54,
3,20,28,32,63,
1,26,39,51,54,
2,4,30,47,63,
7,25,40,42,61,
5,8,33,37,58,
8,39,45,49,64,
1,26,35,39,54,
4,25,31,39,50,
1,8,22,51,53,
9,28,32,48,69,
2,5,24,29,55,
7,20,32,37,54,
9,25,28,35,66,
9,25,39,52,54,
8,21,26,39,48,
5,9,22,34,60,
1,20,32,45,66,
7,26,29,37,58,
2,23,28,49,70,
1,25,32,60,68,
4,23,47,65,70,
5,33,42,46,70,
5,20,29,54,57,
1,4,20,49,70,
8,27,36,40,65,
6,25,27,33,36,
8,21,35,39,66,
3,6,33,42,45,
2,32,40,61,67,
7,29,40,47,70,
3,5,26,38,60,
7,22,24,33,37,
2,30,35,40,47,
6,27,30,47,60,
1,7,20,26,34,
8,21,36,39,47,
8,23,26,47,65,
4,21,24,31,36,
5,33,40,48,66,
7,25,36,54,57,
2,8,27,45,63,
6,8,27,51,53,
9,25,29,32,36,
1,31,34,45,70,
1,7,28,31,54,
3,5,30,33,40,
1,29,36,65,70,
7,34,39,54,57,
7,22,26,43,61,
5,32,46,48,67,
9,20,27,30,49,
1,32,35,42,67,
3,7,30,38,47,
7,24,43,45,68,
5,25,30,52,55,
5,24,26,35,38,
2,20,22,43,47,
2,7,35,38,68,
7,9,20,36,48,
5,28,30,43,60,
6,22,31,33,61,
5,24,36,54,59,
1,24,39,51,54,
5,33,40,61,70,
5,7,21,26,34,
3,6,25,28,32,
5,8,28,33,64,
7,26,29,35,64,
5,27,34,39,50,
2,21,29,32,51,
4,22,25,35,46,
1,24,30,33,51,
8,39,49,64,68,
9,20,34,60,69,
5,21,25,34,36,
5,21,30,45,60,
2,31,43,61,70,
1,22,25,39,52,
4,9,22,28,49,
5,20,48,64,67,
7,28,35,64,68,
2,4,29,36,55,
2,9,22,25,42,
2,32,34,61,63,
4,7,22,36,59,
4,6,30,61,65,
2,5,23,48,65,
9,22,26,35,61,
5,24,27,46,61,
2,32,45,64,67,
4,7,24,34,63,
6,8,20,35,45,
1,24,36,39,69,
5,8,20,23,48,
6,31,47,61,70,
9,24,27,34,53,
4,8,29,32,55,
3,9,31,42,60,
5,30,38,51,54,
5,8,27,42,63,
7,9,28,30,51,
1,7,20,22,51,
6,8,27,33,53,
4,7,25,43,60,
3,28,39,64,68,
6,30,33,51,53,
7,20,47,63,66,
1,20,29,35,42,
1,20,30,42,65,
2,20,31,37,58,
1,29,32,35,60,
2,7,23,31,48,
2,23,27,48,60,
7,20,32,63,67,
2,29,39,48,63,
4,21,28,34,45,
2,7,21,27,34,
8,20,31,38,65,
3,27,37,42,68,
1,3,34,36,47,
1,7,34,45,70,
9,26,28,48,67,
2,30,39,63,66,
4,7,30,38,51,
4,35,43,48,60,
2,8,33,35,64,
1,8,30,33,51,
3,20,24,45,63,
4,26,43,47,70,
3,27,32,46,61,
5,33,36,46,67,
9,24,33,36,49,
3,20,26,37,54,
5,25,34,38,47,
4,6,25,29,45,
2,33,37,66,68,
1,7,35,66,70,
5,8,21,28,31,
8,21,31,39,52,
1,8,20,34,47,
3,6,25,36,45,
8,27,36,38,47,
5,32,49,64,68,
4,23,39,65,70,
5,27,30,34,59,
4,30,33,51,55,
7,28,45,63,68,
7,28,34,43,60,
3,27,30,42,46,
8,28,32,51,57,
5,20,46,61,68,
2,5,30,43,66,
3,6,20,22,51,
3,20,28,40,45,
7,27,40,45,66,
4,21,34,39,65,
4,6,27,34,65,
2,7,21,34,39,
4,8,20,35,55,
4,35,40,49,61,
3,29,31,36,50,
4,21,33,35,54,
4,7,26,46,61,
3,24,28,33,55,
5,28,34,60,63,
8,27,36,38,53,
2,22,27,30,37,
5,25,32,36,40,
5,24,26,33,40,
2,9,24,45,68,
2,5,22,30,57,
1,28,31,61,70,
3,8,31,46,60,
7,20,33,43,48,
5,32,39,46,70,
1,24,27,51,54,
6,34,39,51,58,
4,6,25,35,66,
8,29,39,46,60,
8,22,27,31,37,
2,5,29,36,55,
5,9,24,27,34,
5,28,33,50,58,
1,24,29,32,52,
7,20,46,48,65,
2,8,32,53,55,
7,23,29,32,54,
9,27,32,45,68,
2,5,22,34,59,
3,5,24,27,38,
4,27,34,43,65,
3,5,25,32,50,
8,34,43,49,69,
3,31,35,40,66,
1,20,30,45,49,
8,26,30,33,43,
4,8,23,29,52,
7,27,36,46,48,
4,35,38,45,61,
7,25,34,36,57,
5,8,20,34,57,
5,24,26,33,46,
5,9,20,30,54,
1,7,22,28,33,
1,20,24,30,39,
4,33,43,48,67,
9,34,45,49,68,
4,21,29,48,69,
3,5,25,36,38,
1,4,22,25,51,
3,26,30,38,49,
5,8,21,51,54,
7,36,38,47,70,
3,20,31,34,57,
5,26,43,48,67,
2,23,31,49,70,
6,8,35,39,70,
2,20,25,31,38,
9,20,36,61,69,
5,24,43,45,68,
8,33,36,43,60,
5,7,33,38,58,
1,7,27,30,34,
5,20,25,34,38,
6,31,34,47,68,
9,22,28,33,47,
3,21,36,65,68,
6,33,35,61,68,
4,7,26,37,61,
2,21,32,45,68,
3,20,25,33,46,
8,29,35,50,52,
5,8,28,33,38,
6,8,27,31,54,
4,7,25,34,37,
1,5,35,48,68,
5,24,30,39,64,
4,25,31,40,61,
3,20,25,35,38,
5,8,23,36,54,
1,24,35,42,70,
6,25,35,47,68,
4,9,20,31,61,
1,24,27,33,42,
1,3,31,48,60,
8,26,36,51,55,
8,26,34,39,59,
9,26,42,47,68,
7,22,29,32,57,
9,27,30,48,65,
4,7,27,50,58,
3,34,36,43,69,
3,6,25,49,60,
5,7,23,52,54,
7,9,34,47,60,
5,7,21,42,48,
9,29,33,42,70,
6,8,24,27,31,
7,24,37,52,58,
4,23,26,34,39,
1,7,22,34,49,
9,27,34,42,66,
5,22,26,33,43,
6,31,36,48,61,
1,20,24,45,49,
2,9,29,49,66,
9,26,42,61,67,
7,21,31,34,58,
3,25,28,37,52,
6,25,28,33,51,
9,20,29,39,58,
5,21,34,42,69,
3,27,32,42,46,
6,8,36,39,67,
1,24,32,48,65,
4,22,31,34,43,
6,29,32,51,58,
3,31,38,42,70,
2,29,45,64,69,
7,22,35,54,57,
5,24,28,45,63,
1,25,28,39,60,
8,24,26,33,63,
3,5,20,30,46,
5,23,26,45,66,
3,25,27,50,52,
9,25,29,36,52,
4,9,24,29,53,
2,22,29,43,60,
4,25,33,40,66,
9,24,27,33,60,
7,25,37,52,54,
3,29,33,46,60,
2,22,33,36,43,
1,26,33,49,66,
3,7,33,42,46,
4,9,31,39,66,
1,26,39,60,68,
8,27,33,40,67,
3,8,36,40,49,
3,6,32,39,52,
5,7,26,46,68,
9,20,28,36,67,
2,31,38,66,69,
9,22,30,35,60,
4,9,22,39,60,
2,9,32,36,67,
1,25,28,33,60,
1,26,28,31,48,
1,7,20,26,54,
5,8,33,50,52,
5,24,33,38,58,
5,7,22,40,68,
7,9,20,32,34,
1,8,24,27,52,
5,26,29,32,63,
3,7,34,52,55,
2,25,33,38,69,
3,22,27,45,64,
8,21,25,33,60,
7,26,43,49,70,
2,6,35,39,70,
1,8,24,33,51,
2,4,27,43,66,
1,5,26,34,45,
5,9,20,34,52,
4,22,35,52,57,
5,9,36,48,66,
9,25,32,52,58,
2,23,32,47,67,
1,26,35,52,54,
2,8,28,45,63,
4,7,20,43,70,
2,24,27,50,53,
4,7,20,43,67,
4,35,43,45,66,
3,5,26,36,50,
2,27,37,45,68,
9,28,33,60,70,
7,30,36,63,68,
1,25,28,32,51,
4,7,23,26,30,
5,24,32,38,61,
2,27,31,40,48,
4,20,29,37,39,
2,25,28,43,61,
1,3,26,35,54,
2,21,30,48,65,
2,6,25,32,35,
7,21,27,30,42,
3,22,31,36,57,
1,30,34,60,69,
7,26,31,37,54,
3,6,28,31,60,
5,28,30,33,46,
8,23,31,34,45,
7,32,43,45,66,
7,28,46,61,68,
3,26,37,47,60,
5,24,42,63,65,
5,9,34,39,54,
1,8,27,35,66,
4,9,20,25,49,
9,33,42,65,68,
3,28,46,65,67,
8,26,37,45,61,
9,24,29,39,42,
4,21,25,32,53,
2,9,20,25,31,
1,8,32,35,58,
1,7,30,47,68,
2,6,25,30,53,
5,8,39,46,70,
1,24,36,42,45,
1,22,31,33,54,
1,24,28,31,51,
5,34,38,51,58,
4,35,46,66,69,
8,20,22,53,55,
5,21,26,42,48,
9,30,35,42,60,
6,20,39,47,66,
7,30,33,43,66,
5,29,31,46,66,
1,7,35,60,70,
3,26,34,39,55,
7,24,37,60,70,
7,22,49,63,70,
3,28,37,42,61,
7,9,20,28,48,
6,8,33,45,68,
5,20,32,38,67,
1,3,26,34,49,
2,6,27,35,61,
9,24,29,47,60,
4,20,29,37,42,
1,3,28,33,54,
7,36,43,48,66,
2,9,36,65,70,
3,25,40,60,69,
5,25,38,49,68,
5,8,23,29,60,
2,26,29,36,55,
9,28,49,66,69,
4,9,29,31,58,
9,36,48,66,69,
4,8,21,30,49,
6,29,33,60,68,
9,28,45,61,68,
3,23,25,42,60,
8,27,32,63,65,
4,29,31,36,64,
2,21,29,32,58,
7,25,39,48,64,
4,21,25,34,60,
4,22,36,39,55,
5,23,26,42,48,
6,20,29,31,58,
4,8,39,50,53,
3,32,35,54,57,
8,20,23,34,45,
3,5,34,36,40,
6,35,39,60,70,
7,20,24,32,37,
2,8,27,34,55,
1,8,36,45,69,
3,20,27,38,61,
5,7,21,28,30,
1,32,34,60,65,
9,24,30,49,65,
4,8,25,36,63,
4,7,20,22,43,
1,4,25,28,31,
1,8,20,30,35,
5,22,26,36,63,
4,9,24,39,51,
6,25,29,32,39,
4,22,26,39,43,
1,4,20,25,51,
4,8,20,23,39,
4,7,28,34,57,
1,3,24,28,52,
1,20,34,36,65,
9,24,35,39,54,
4,25,27,32,46,
1,28,33,36,48,
3,23,42,48,60,
8,35,42,46,67,
4,21,29,53,58,
7,21,31,52,58,
8,26,35,54,59,
8,27,40,45,66,
4,8,22,51,59,
3,20,28,34,55,
5,24,32,38,49,
1,7,26,33,58,
8,23,33,45,70,
8,22,28,37,39,
2,9,30,47,69,
4,21,24,33,54,
8,26,33,52,57,
5,8,27,30,50,
2,30,39,51,55,
1,7,36,61,66,
6,29,31,49,66,
4,8,27,29,37,
9,20,22,30,49,
3,22,26,53,55,
1,7,26,39,54,
1,4,22,29,31,
6,28,30,33,47,
9,33,48,66,69,
5,32,38,51,54,
6,8,29,36,47,
4,7,29,34,55,
1,24,35,60,67,
4,29,33,52,59,
5,26,30,45,63,
3,28,33,38,53,
7,29,32,40,49,
7,22,32,39,59,
4,7,37,39,58,
5,25,36,46,70,
2,9,20,29,54,
2,8,37,45,49,
4,24,35,38,47,
1,28,34,47,70,
7,25,36,38,51,
2,21,32,35,58,
7,22,40,45,69,
4,31,36,54,57,
1,22,36,47,49,
5,26,33,48,63,
2,7,20,24,55,
2,22,27,53,59,
1,20,24,36,45,
5,33,46,48,60,
9,24,26,35,39,
1,28,48,60,69,
1,20,22,30,51,
4,6,24,33,53,
1,8,28,45,60,
5,25,27,42,64,
6,30,39,45,69,
2,25,35,46,68,
3,22,27,32,50,
5,28,36,54,57,
5,30,34,53,55,
2,22,30,39,43,
2,27,29,34,59,
2,9,20,24,53,
4,9,25,30,53,
9,25,28,39,42,
5,7,22,45,64,
5,20,34,37,66,
5,21,28,31,34,
1,5,24,32,60,
2,27,30,37,68,
9,20,42,45,61,
7,9,34,60,69,
9,20,27,30,33,
3,21,28,47,66,
6,24,29,31,35,
1,20,30,39,42,
6,29,32,36,51,
2,25,27,43,68,
5,8,20,33,37,
1,32,35,47,70,
6,27,45,66,68,
2,7,22,42,63,
1,24,27,42,61,
6,8,20,27,51,
4,29,31,39,50,
3,20,31,43,48,
4,9,25,28,34,
7,24,42,49,64,
1,8,33,52,54,
6,25,34,42,45,
3,8,21,49,60,
9,20,30,47,70,
2,4,22,53,57,
5,25,28,50,52,
2,20,24,33,59,
7,21,28,30,39,
8,35,46,61,69,
2,24,28,33,57,
6,24,33,35,58,
3,21,32,42,60,
7,24,36,50,53,
9,22,29,39,60,
3,26,33,60,64,
8,31,35,43,48,
4,22,35,43,66,
5,32,34,43,45,
1,8,36,39,61,
1,4,27,45,70,
5,20,43,61,70,
2,25,31,38,67,
2,32,35,43,67,
6,33,45,48,68,
1,5,26,45,68,
3,7,22,38,52,
7,20,34,39,50,
2,21,24,36,49,
2,31,46,61,65,
3,21,32,36,48,
1,20,24,36,47,
2,29,35,52,55,
4,9,22,29,47,
9,27,30,60,67,
9,31,42,48,68,
4,8,23,30,35,
1,4,20,25,39,
2,24,31,53,59,
1,22,36,65,68,
5,28,37,52,58,
7,20,29,32,55,
2,6,33,48,65,
9,34,45,60,65,
2,31,39,54,59,
7,24,39,60,63,
1,25,39,52,58,
7,26,30,49,64,
8,27,31,46,65,
7,20,28,34,37,
8,28,35,43,68,
3,27,30,36,46,
2,6,29,39,54,
9,20,24,33,52,
4,6,22,31,39,
4,26,35,63,68,
4,25,35,42,46,
1,26,33,36,48,
9,27,36,66,70,
2,21,25,36,58,
3,26,29,52,55,
8,31,38,49,66,
5,22,33,42,63,
3,27,35,46,60,
8,35,37,45,48,
1,20,30,47,69,
2,4,21,51,54,
5,8,21,26,34,
2,20,22,31,37,
3,26,32,51,55,
4,7,21,51,58,
1,7,22,39,60,
5,25,28,50,53,
2,27,29,34,37,
4,8,23,32,53,
5,27,32,43,48,
7,22,32,43,68,
9,24,27,30,60,
9,28,39,52,58,
7,24,26,37,54,
4,33,43,66,70,
7,29,31,38,68,
4,21,27,30,36,
9,29,47,60,70,
3,23,27,42,66,
4,30,37,45,60,
6,26,29,31,33,
2,5,24,39,55,
6,29,45,60,70,
2,22,24,31,57,
5,22,25,38,69,
2,7,29,37,48,
1,28,30,35,45,
8,21,47,49,70,
1,8,24,47,60,
3,26,45,64,69,
6,8,27,42,49,
9,20,36,39,58,
2,8,25,35,59,
2,8,23,33,36,
3,8,28,37,60,
8,23,35,45,48,
2,6,32,39,61,
3,26,35,64,67,
2,5,30,36,43,
2,7,23,28,48,
6,28,34,45,65,
2,7,22,25,37,
1,4,35,42,66,
2,23,25,39,58,
3,33,40,42,60,
2,8,32,37,45,
7,22,38,61,69,
3,5,26,38,61,
7,25,33,46,68,
4,22,33,63,68,
3,9,24,28,45,
4,26,29,40,61,
8,27,35,48,64,
3,31,46,60,67,
5,7,30,32,40,
2,21,34,39,58,
9,26,33,35,66,
1,8,34,39,60,
5,20,26,30,57,
5,21,29,36,66,
3,26,34,51,55,
4,22,46,65,69,
5,20,25,30,57,
4,7,37,51,54,
5,33,40,60,70,
4,23,36,61,68,
3,7,23,28,42,
5,36,49,64,70,
7,21,24,31,54,
6,27,34,47,61,
9,30,36,49,66,
1,22,39,65,70,
2,9,22,27,58,
5,28,30,37,51,
1,24,33,60,69,
1,8,27,36,47,
6,22,26,31,35,
3,5,27,38,52,
2,29,32,37,52,
7,22,42,49,64,
8,35,39,42,63,
5,24,45,64,69,
5,26,36,38,61,
2,23,26,48,69,
6,30,35,51,54,
7,24,35,52,59,
2,5,22,53,57,
2,8,23,27,39,
7,29,46,60,65,
4,7,22,33,46,
7,20,35,38,54,
1,4,28,49,67,
4,28,39,43,68,
6,28,30,35,45,
1,20,29,42,47,
2,27,32,37,58,
5,22,36,46,49,
6,24,27,35,49,
6,24,35,39,54,
4,22,25,53,59,
8,33,35,52,59,
8,32,34,63,69,
9,22,30,35,45,
4,21,28,45,67,
7,22,33,38,51,
7,22,27,34,55,
1,22,31,45,68,
2,23,48,60,65,
1,26,29,34,53,
6,31,39,48,61,
1,5,30,35,66,
5,9,24,39,42,
2,7,25,34,38,
5,25,40,48,60,
9,30,36,45,47,
4,29,40,48,69,
1,24,30,35,53,
4,22,25,39,63,
5,23,28,47,70,
4,22,38,65,67,
3,6,32,36,65,
6,28,32,47,67,
1,20,22,45,49,
2,23,36,67,69,
3,32,38,47,65,
4,21,25,39,54,
2,9,24,28,33,
4,24,27,39,57,
7,30,36,53,55,
3,5,36,54,59,
5,9,28,45,68,
9,22,26,32,53,
2,8,29,31,40,
8,33,42,63,68,
2,9,27,30,36,
2,25,27,30,38,
2,7,23,34,39,
1,24,26,32,49,
5,20,34,43,70,
3,27,38,53,58,
2,8,26,51,57,
3,20,31,46,48,
7,9,20,31,48,
2,9,33,45,48,
3,6,27,36,58,
4,30,37,47,61,
4,6,31,60,67,
8,38,45,60,65,
4,8,25,31,43,
2,4,29,33,37,
4,7,37,48,70,
6,8,31,47,69,
2,7,33,63,68,
8,24,31,43,65,
1,4,24,31,47,
9,27,30,45,66,
9,24,27,36,54,
1,4,25,32,36,
1,4,33,60,68,
3,23,27,30,36,
3,26,48,63,69,
4,34,38,49,61,
4,21,26,47,61,
2,26,39,63,67,
2,5,24,30,57,
7,25,30,36,40,
2,8,32,39,43,
4,9,24,29,39,
9,28,34,49,67,
8,37,42,61,65,
4,21,31,36,67,
6,26,39,65,68,
6,31,49,61,68,
5,8,25,38,47,
9,30,35,52,58,
3,20,32,43,61,
6,28,45,61,66,
1,26,31,49,70,
8,29,40,47,60,
2,8,21,31,36,
3,24,31,42,46,
2,8,27,43,45,
4,32,35,40,61,
8,23,29,42,69,
4,8,37,39,67,
2,22,31,40,49,
8,23,33,35,52,
8,20,30,35,55,
8,28,31,37,45,
2,7,20,30,55,
5,7,29,32,50,
4,25,30,50,53,
1,20,34,39,60,
2,23,39,47,66,
4,25,28,32,37,
2,22,25,33,55,
7,20,27,37,68,
5,8,22,31,50,
5,8,25,28,38,
8,21,25,31,36,
4,25,40,60,69,
9,20,33,39,48,
7,20,23,33,48,
4,8,27,30,55,
2,9,25,42,70,
1,3,24,32,42,
4,9,34,60,65,
3,24,26,33,46,
2,20,22,37,51,
1,4,26,35,61,
3,20,34,52,59,
6,27,32,61,70,
8,27,29,36,63,
8,31,38,61,65,
9,24,31,36,66,
8,32,37,45,68,
5,22,24,35,64,
5,24,38,45,61,
8,29,33,38,42,
9,24,26,34,47,
3,34,37,42,49,
6,28,35,45,48,
1,20,22,32,51,
6,20,27,32,61,
3,20,27,35,46,
4,22,24,37,47,
3,8,28,32,55,
3,7,30,38,52,
4,25,28,34,37,
7,29,34,36,59,
5,21,28,39,66,
2,7,23,28,34,
8,28,40,45,67,
8,20,23,36,67,
5,35,37,52,54,
7,21,28,42,67,
7,29,31,36,46,
4,22,27,33,40,
4,21,35,60,67,
6,22,25,35,53,
2,8,27,46,65,
4,25,32,43,68,
1,7,24,30,47,
3,9,20,27,30,
4,33,39,43,66,
2,24,26,35,55,
4,35,40,49,68,
7,30,33,50,53,
8,32,38,67,69,
2,5,29,46,60,
6,28,30,61,65,
6,30,42,45,61,
2,5,20,23,54,
1,5,36,42,68,
5,24,27,32,63,
6,22,39,48,65,
8,31,37,42,70,
2,5,34,36,63,
9,26,33,51,58,
6,34,42,49,65,
6,25,29,36,47,
5,7,20,40,61,
9,25,36,60,67,
8,21,32,47,61,
9,34,42,65,68,
9,22,31,36,47,
1,24,26,47,70,
3,6,26,29,33,
5,24,31,36,46,
8,25,27,32,50,
8,23,26,33,36,
2,29,39,42,63,
3,6,20,24,39,
4,8,30,43,45,
2,20,35,40,67,
7,28,33,63,68,
2,8,25,31,40,
1,25,27,42,48,
3,26,36,54,57,
8,20,35,51,55,
5,8,27,40,45,
7,36,40,60,67,
6,27,32,49,70,
8,24,37,49,69,
2,9,22,31,42,
2,23,25,30,33,
7,20,38,47,67,
1,27,32,39,66,
3,20,36,38,45,
6,8,32,39,69,
7,20,26,37,58,
6,27,29,36,60,
6,29,42,49,60,
1,5,36,61,70,
6,27,29,60,67,
3,8,21,42,60,
4,20,34,37,53,
9,33,35,42,48,
5,30,38,49,68,
2,5,22,35,37,
5,22,28,35,37,
2,9,24,33,39,
9,36,48,65,69,
3,7,38,52,54,
8,23,31,36,42,
2,21,24,33,51,
3,24,32,46,69,
8,26,38,49,61,
2,27,34,63,67,
5,7,22,26,43,
7,26,30,36,43,
4,27,31,37,66,
9,24,31,35,52,
5,21,27,30,58,
4,21,30,32,61,
2,4,29,37,58,
1,24,31,45,60,
4,33,46,60,67,
3,28,35,47,64,
1,25,32,42,70,
7,9,28,30,33,
2,26,29,43,68,
5,7,24,37,60,
4,25,30,39,55,
5,24,29,42,63,
5,23,32,36,48,
9,22,24,31,52,
4,23,28,48,61,
5,20,29,40,70,
3,7,26,50,54,
8,20,36,63,69,
2,6,27,32,61,
9,31,36,65,70,
3,6,20,49,67,
5,20,34,64,67,
7,34,37,51,58,
6,8,24,33,45,
3,8,35,52,57,
1,22,26,31,39,
4,21,34,49,61,
4,29,31,36,57,
3,29,31,36,64,
3,21,28,30,39,
8,26,35,46,61,
3,7,22,31,38,
2,20,23,34,53,
9,26,30,42,61,
7,9,35,48,66,
9,22,30,47,69,
9,30,36,45,67,
9,22,24,31,53,
2,25,35,48,64,
8,32,35,42,63,
4,23,31,35,54,
2,25,36,47,64,
8,33,45,64,67,
6,8,20,33,35,
6,29,33,51,58,
2,21,35,65,68,
4,20,47,64,67,
5,28,39,64,70,
9,24,33,49,70,
2,24,33,45,64,
1,5,32,49,66,
3,23,32,47,68,
5,8,26,29,43,
9,26,31,34,53,
5,25,49,64,70,
8,25,27,36,38,
8,20,25,53,55,
3,33,40,47,66,
7,22,33,64,66,
2,20,35,61,63,
8,26,35,43,66,
4,23,30,36,53,
3,9,28,31,36,
2,9,25,29,32,
7,22,27,37,60,
9,28,36,51,54,
2,23,36,39,48,
9,24,36,42,65,
2,28,43,48,69,
5,8,22,32,55,
3,28,31,34,59,
7,27,38,49,70,
2,20,36,43,61,
1,24,26,42,61,
2,23,35,66,69,
5,8,20,25,46,
2,4,21,33,48,
2,4,23,30,47,
8,34,37,51,53,
7,22,33,55,58,
3,27,30,52,57,
1,7,24,36,49,
4,25,28,33,37,
6,34,39,48,69,
5,24,43,45,70,
5,23,34,52,54,
7,28,31,37,66,
5,23,35,66,70,
4,9,28,30,35,
1,8,26,51,54,
8,24,26,53,57,
2,7,24,48,63,
3,7,38,48,69,
5,27,29,46,70,
8,27,35,63,66,
6,33,36,48,61,
1,20,29,31,34,
2,9,25,32,35,
2,31,33,40,67,
9,24,26,49,70,
9,22,28,30,51,
4,33,42,63,68,
2,33,40,61,66,
3,20,28,31,37,
5,9,26,31,48,
2,6,25,39,51,
8,34,43,45,60,
6,22,24,45,69,
2,22,38,65,69,
4,25,32,43,61,
2,23,32,34,47,
8,20,49,61,63,
3,21,26,32,34,
4,24,33,52,57,
2,9,28,47,67,
6,22,24,31,35,
1,24,32,45,70,
9,26,29,32,39,
9,26,39,68,70,
1,5,28,51,54,
2,23,30,35,65,
5,27,39,64,66,
2,4,29,35,59,
8,32,42,45,63,
4,6,25,29,32,
6,29,33,60,69,
1,22,45,65,68,
3,26,30,35,64,
5,24,30,38,53,
5,9,35,66,70,
5,9,24,27,30,
1,3,24,36,53,
5,20,34,46,61,
3,5,27,40,48,
6,29,35,49,60,
2,7,23,39,58,
1,24,33,51,58,
1,5,24,34,45,
1,4,34,48,65,
9,35,42,47,70,
4,8,38,45,47,
1,3,32,51,58,
5,20,29,33,46,
2,21,47,61,66,
3,22,43,47,60,
7,30,42,63,70,
3,29,32,60,64,
2,8,33,43,49,
3,20,46,49,68,
4,25,28,31,59,
8,28,47,61,64,
2,6,33,39,68,
9,22,28,36,39,
9,24,28,49,67,
5,9,30,49,66,
4,9,33,48,69,
7,9,39,68,70,
3,20,33,46,70,
2,8,27,31,38,
2,21,33,60,66,
2,9,31,34,61,
8,29,40,49,69,
2,9,25,42,60,
5,21,32,34,52,
7,22,26,35,37,
8,21,31,35,54,
8,23,28,49,68,
4,22,33,63,65,
5,7,30,38,65,
8,27,29,33,38,
7,21,42,65,70,
1,3,28,32,49,
2,29,34,38,53,
3,6,27,34,47,
3,6,26,45,70,
2,24,31,52,59,
3,5,36,40,68,
5,23,29,32,34,
5,35,38,47,68,
7,9,30,32,52,
5,22,47,60,64,
8,21,39,65,70,
2,21,27,47,70,
5,32,46,48,65,
8,23,29,36,51,
3,26,32,37,48,
7,21,42,60,67,
5,26,40,66,69,
9,28,32,48,65,
5,24,38,45,67,
2,5,29,52,57,
7,24,43,49,70,
8,23,26,47,67,
1,4,24,33,36,
7,9,30,48,69,
7,31,34,42,63,
4,6,33,45,68,
6,22,39,51,58,
8,23,31,36,53,
3,21,34,42,60,
4,21,34,45,65,
5,20,30,37,66,
3,7,21,24,32,
2,20,25,38,65,
5,26,31,40,48,
3,20,32,49,64,
9,26,30,39,53,
4,8,29,37,53,
3,7,22,36,50,
2,33,37,67,70,
3,6,31,49,60,
1,20,29,33,58,
2,25,28,33,37,
5,20,31,46,61,
3,26,37,48,69,
3,24,27,36,43,
6,8,33,49,67,
5,24,37,39,52,
2,22,36,63,67,
1,30,39,52,54,
5,30,35,64,68,
5,27,46,60,67,
6,31,33,48,67,
2,8,29,32,59,
3,9,36,65,70,
2,9,30,49,67,
8,24,26,37,51,
3,6,35,49,68,
2,26,29,33,50,
3,24,28,51,59,
9,20,25,36,58,
5,8,30,43,47,
1,8,20,35,53,
5,22,46,65,68,
9,20,35,49,70,
1,5,26,30,52,
2,6,31,51,58,
1,20,24,39,68,
7,26,30,43,47,
7,27,37,48,68,
8,22,33,35,57,
9,28,31,47,66,
4,22,27,40,69,
8,27,32,39,63,
5,21,32,35,48,
4,33,40,45,66,
2,23,25,49,60,
9,33,45,48,68,
6,25,27,52,58,
2,21,29,31,58,
5,21,32,42,48,
1,24,28,39,53,
1,7,25,30,42,
7,22,36,40,69,
7,21,48,66,69,
3,23,26,39,54,
2,9,22,25,33,
5,25,30,36,40,
5,36,48,61,64,
6,28,30,33,51,
3,5,28,30,50,
8,26,32,43,67,
8,20,33,36,63,
7,34,38,53,58,
5,20,25,50,58,
2,7,37,49,66,
3,20,27,37,54,
1,22,28,36,39,
2,8,29,31,46,
3,5,20,37,68,
7,22,31,38,67,
3,7,24,26,55,
4,34,47,64,67,
7,21,30,34,49,
7,22,40,65,67,
4,22,31,37,60,
6,31,49,60,66,
3,29,36,42,63,
1,29,32,36,47,
4,31,36,63,70,
7,34,39,50,52,
5,20,22,30,43,
1,20,34,45,48,
2,24,36,39,43,
1,24,26,36,51,
4,8,25,52,57,
21,22,35,39,51,
8,27,33,40,42,
3,8,33,38,60,
2,31,37,52,58,
4,8,31,33,59,
4,31,43,45,66,
8,28,43,60,67,
4,24,33,64,67,
4,8,35,37,48,
1,7,24,36,66,
4,6,34,47,61,
2,8,23,25,33,
7,23,36,39,48,
8,23,27,35,66,
2,5,33,50,58,
2,27,38,61,67,
3,28,30,33,55,
6,35,42,61,67,
2,24,27,37,67,
6,31,47,49,66,
6,22,25,31,53,
2,25,30,37,53,
8,30,40,49,65,
4,20,43,61,66,
7,22,26,36,57,
4,26,29,35,57,
2,20,37,47,61,
6,22,35,36,51,
2,7,33,38,54,
5,8,25,28,43,
7,26,29,34,38,
6,22,25,31,42,
3,5,30,45,64,
2,23,39,60,67,
7,26,30,35,43,
3,26,34,37,51,
4,8,33,63,70,
5,33,48,64,66,
5,26,30,53,55,
7,36,38,48,61,
8,28,39,54,59,
3,5,31,40,68,
1,4,22,29,49,
1,4,29,31,58,
1,5,36,42,70,
3,29,36,52,57,
3,6,32,49,70,
4,8,28,33,63,
7,29,46,49,66,
3,20,22,33,50,
5,26,42,63,67,
2,9,24,27,49,
3,7,28,30,37,
9,28,42,61,70,
5,25,28,37,68,
5,8,31,40,49,
6,22,35,39,51,
2,4,24,45,63,
7,9,26,52,58,
6,25,33,42,60,
6,27,29,35,58,
2,5,32,34,63,
3,7,21,26,34,