5,10,15,44,60,
2,10,15,36,61,
2,10,33,61,66,
8,12,15,32,61,
7,28,34,46,70,
2,6,13,16,33,
2,28,63,66,68,
1,4,31,66,70,
4,18,22,27,33,
2,33,36,55,70,
8,39,51,66,68,
1,4,39,56,60,
1,24,32,36,61,
1,31,36,58,60,
2,22,34,35,40,
2,4,39,63,68,
7,20,24,40,58,
9,12,33,59,70,
1,33,56,62,64,
8,13,31,66,70,
1,7,22,38,64,
3,23,26,30,32,
2,5,37,52,70,
2,10,41,47,60,
9,28,48,59,69,
2,6,19,34,35,
10,31,39,44,64,
1,36,39,54,56,
2,6,20,29,61,
8,12,16,39,67,
2,17,21,31,48,
4,7,16,41,46,
7,18,29,35,62,
6,12,47,62,65,
4,15,46,49,68,
2,16,35,63,70,
4,10,45,47,68,
1,26,32,56,70,
1,20,27,32,68,
1,35,52,64,68,
2,10,39,67,70,
3,28,45,57,68,
4,16,20,39,43,
1,24,26,28,44,
7,20,38,55,56,
7,14,16,47,68,
4,6,35,39,62,
10,20,53,62,70,
1,30,36,58,69,
2,7,16,38,63,
5,16,38,63,68,
5,6,28,51,56,
1,7,26,62,66,
4,19,40,49,62,
5,8,33,56,60,
4,24,37,53,67,
3,15,44,46,64,
6,21,26,32,39,
4,15,18,41,66,
5,16,18,31,60,
5,8,11,16,38,
1,30,39,52,60,
9,23,32,53,68,
7,18,47,60,62,
2,8,31,53,70,
10,16,31,38,69,
1,15,30,60,62,
5,23,36,60,66,
8,28,31,66,69,
2,23,36,48,68,
1,24,28,39,68,
4,26,30,35,63,
6,24,27,60,69,
5,11,40,60,66,
6,13,29,30,51,
2,12,13,23,44,
2,36,55,62,67,
8,27,52,58,65,
2,30,33,63,66,
2,5,20,55,68,
1,5,36,64,70,
5,23,36,60,68,
6,36,39,53,58,
8,33,54,56,69,
8,11,39,49,66,
1,36,51,54,66,
4,13,41,46,68,
7,8,15,16,52,
3,12,25,38,55,
7,12,43,60,70,
8,12,30,39,61,
3,4,30,46,64,
8,22,32,39,61,
2,24,45,57,60,
5,7,18,32,66,
6,26,35,61,70,
6,31,51,54,70,
3,16,31,43,64,
2,6,31,61,64,
4,6,26,31,67,
8,13,19,30,36,
4,14,33,61,68,
5,10,12,41,44,
1,5,38,56,62,
2,6,19,22,30,
4,17,41,44,60,
6,31,38,51,62,
4,38,50,58,63,
4,12,50,55,70,
2,6,29,38,67,
4,10,41,60,69,
3,8,31,60,64,
2,25,34,57,69,
8,16,19,36,39,
2,16,46,61,65,
7,10,12,32,67,
2,14,33,56,70,
7,40,49,64,66,
6,31,53,64,68,
2,28,35,37,66,
6,22,31,35,60,
1,5,38,58,70,
4,22,27,32,63,
6,13,48,53,60,
4,24,38,63,67,
1,4,11,30,60,
5,8,36,61,70,
8,22,28,31,39,
4,10,15,30,61,
2,17,30,32,61,
2,17,31,62,66,
8,31,54,60,67,
4,14,15,34,62,
3,12,14,39,64,
3,7,40,60,66,
1,36,39,52,70,
6,21,35,50,69,
6,32,39,62,67,
1,4,16,45,64,
7,12,16,46,65,
5,29,33,40,70,
5,19,40,48,62,
4,14,33,62,69,
8,19,35,64,68,
6,9,12,20,24,
2,12,22,39,55,
2,19,37,62,70,
4,35,59,64,68,
6,24,31,39,60,
2,33,36,57,68,
3,22,38,42,52,
2,33,37,60,70,
8,22,26,33,67,
4,27,30,63,66,
6,31,56,65,68,
1,32,36,65,68,
4,8,24,33,61,
2,15,19,44,46,
3,6,16,32,65,
8,31,36,56,61,
1,4,24,35,70,
10,20,21,39,60,
8,15,45,66,68,
4,16,32,63,67,
2,32,35,59,70,
4,31,46,49,56,
2,4,28,37,67,
1,32,39,62,66,
2,5,13,44,46,
1,22,28,33,62,
2,7,37,60,70,
3,7,10,30,36,
8,15,30,38,67,
8,27,36,61,64,
8,19,41,44,64,
2,16,47,63,70,
2,17,50,64,70,
5,18,41,64,66,
8,27,38,50,69,
2,40,49,50,66,
2,5,10,31,62,
7,16,38,40,44,
4,15,19,40,44,
4,30,51,54,63,
10,12,41,45,60,
9,22,37,49,52,
4,36,54,59,65,
2,30,37,56,65,
7,14,16,47,60,
3,6,13,36,70,
8,11,32,39,70,
5,16,40,64,69,
6,35,36,44,68,
2,4,34,57,58,
8,12,15,44,49,
4,17,41,64,68,
2,12,43,49,68,
7,20,43,64,70,
4,8,31,61,68,
4,40,45,62,65,
5,10,33,66,70,
6,25,33,56,65,
8,38,39,62,66,
10,45,49,64,68,
4,6,13,16,47,
8,28,38,67,69,
4,38,48,63,68,
2,7,23,34,60,
7,32,56,60,63,
7,10,13,44,62,
8,30,36,65,67,
4,6,30,33,61,
9,12,22,33,57,
8,31,36,62,69,
5,8,31,38,56,
4,6,39,51,70,
3,17,21,32,52,
2,5,13,40,70,
1,7,36,62,70,
8,15,21,35,44,
5,8,22,26,39,
2,14,45,49,58,
4,14,49,61,64,
6,16,19,49,66,
10,16,35,39,70,
6,20,28,33,61,
7,15,25,46,54,
10,13,49,62,70,
2,31,33,44,46,
5,7,10,30,66,
8,11,33,36,60,
7,16,37,60,64,
1,11,24,31,60,
4,23,28,62,67,
6,22,25,31,36,
6,15,36,61,70,
4,17,48,51,52,
4,30,46,51,54,
6,20,33,62,65,
4,37,44,52,56,
2,38,57,60,67,
8,24,35,39,64,
2,10,45,61,68,
10,19,38,62,69,
8,29,49,54,69,
5,16,18,39,68,
6,22,25,33,38,
4,15,37,68,70,
2,11,44,46,65,
1,3,20,24,36,
4,13,18,47,66,
4,8,15,19,48,
2,36,38,57,67,
3,8,38,52,67,
1,5,30,36,70,
4,13,43,64,70,
6,12,15,32,67,
2,23,31,66,68,
9,15,22,57,64,
4,32,37,58,65,
4,15,40,44,65,
5,18,30,65,68,
10,13,44,60,67,
8,16,27,44,60,
6,30,35,49,52,
4,16,47,63,66,
6,27,30,36,67,
5,17,32,66,70,
1,7,24,32,60,
6,31,53,58,70,
2,13,46,61,70,
5,14,16,45,68,
7,12,46,61,64,
7,37,56,60,70,
4,18,32,61,69,
1,4,13,28,34,
2,14,25,51,64,
3,12,25,37,64,
10,19,24,48,64,
6,12,47,67,70,
4,10,16,35,70,
2,11,25,42,51,
1,33,56,64,66,
3,26,35,58,63,
4,11,16,40,45,
4,32,53,57,70,
7,12,30,37,62,
7,40,49,64,68,
1,26,39,60,70,
10,12,47,64,67,
6,12,15,27,44,
2,31,57,60,70,
2,36,57,62,69,
2,31,55,66,68,
2,8,33,61,68,
5,40,45,60,68,
7,24,28,40,44,
10,13,45,60,68,
8,35,53,58,60,
5,38,56,63,68,
6,11,13,48,60,
2,15,18,47,66,
1,19,32,62,66,
1,36,54,65,70,
1,11,36,60,66,
6,16,48,49,52,
4,17,33,62,68,
5,10,38,65,70,
2,17,26,30,34,
6,19,33,64,66,
2,10,36,65,67,
10,36,51,54,58,
4,37,58,64,69,
7,16,37,52,60,
2,14,19,30,39,
6,13,44,49,70,
6,20,22,33,61,
4,8,33,62,65,
4,15,19,40,66,
2,18,44,47,67,
2,6,11,36,39,
3,32,52,63,68,
1,12,16,47,70,
5,16,26,42,62,
1,5,38,60,66,
5,8,22,32,61,
5,8,22,29,36,
1,22,33,36,60,
8,22,26,34,69,
1,4,12,15,44,
4,8,39,67,70,
10,13,32,35,70,
4,6,39,52,67,
3,26,47,54,63,
5,14,30,35,68,
10,15,36,49,50,
4,10,33,61,68,
4,12,40,61,67,
5,13,46,62,68,
7,32,40,45,54,
7,14,35,68,70,
5,10,44,49,60,
10,12,45,62,65,
4,6,13,33,68,
3,6,38,64,67,
3,18,44,49,60,
1,5,38,62,68,
10,45,47,60,68,
10,30,38,45,68,
5,8,44,47,60,
9,12,21,38,43,
1,32,53,62,70,
8,11,47,60,64,
2,37,54,64,67,
1,15,30,60,66,
4,25,28,40,45,
2,21,41,55,60,
3,12,15,40,68,
10,32,44,45,69,
5,40,47,52,66,
6,19,30,35,70,
2,38,46,48,67,
1,24,26,39,68,
5,40,47,66,70,
6,21,26,32,66,
1,35,38,52,66,
4,6,11,16,31,
2,37,58,62,69,
3,17,36,52,67,
1,3,36,52,56,
5,18,35,38,70,
1,11,36,50,65,
4,7,10,39,68,
1,4,38,62,69,
7,40,49,62,70,
6,31,33,56,66,
6,35,56,64,69,
3,32,37,60,68,
6,19,26,29,64,
5,40,44,52,66,
4,15,24,42,48,
6,31,39,60,66,
2,13,43,52,56,
1,30,36,54,69,
1,4,33,66,68,
5,8,11,32,36,
1,19,32,58,67,
4,6,39,65,68,
2,8,30,35,67,
10,19,39,60,70,
7,23,49,58,66,
2,33,52,55,62,
6,31,39,62,68,
1,25,49,50,64,
3,8,12,33,62,
7,32,41,56,63,
2,4,37,56,65,
6,12,19,33,68,
6,32,39,62,65,
8,32,39,61,64,
4,7,18,44,61,
6,31,38,61,68,
2,8,39,58,67,
1,32,39,54,60,
10,19,35,64,68,
6,13,32,49,68,
4,27,37,66,68,
8,30,39,62,69,
2,7,16,37,62,
2,7,37,56,70,
5,12,18,41,70,
4,35,37,52,54,
3,8,32,65,68,
7,10,45,54,67,
1,30,36,53,56,
4,32,37,66,69,
2,3,18,24,52,
2,6,20,33,61,
2,7,24,30,63,
9,18,29,31,60,
6,13,16,38,67,
6,13,20,24,39,
8,12,19,48,67,
5,7,14,48,64,
6,11,25,39,64,
10,20,28,30,67,
2,12,30,63,67,
2,4,37,53,68,
2,36,57,67,70,
1,36,51,66,70,
8,11,47,50,65,
2,11,40,60,67,
4,7,10,24,54,
10,15,31,38,62,
1,22,24,32,39,
5,18,30,36,65,
2,15,18,38,61,
1,5,36,62,64,
5,22,28,33,40,
4,12,17,49,68,
7,17,36,60,70,
2,10,44,47,65,
10,19,36,61,66,
3,6,24,31,38,
4,11,18,47,60,
5,15,44,55,62,
8,27,39,60,62,
6,36,45,56,62,
2,10,41,64,69,
7,10,45,60,62,
2,6,22,25,39,
3,8,12,30,39,
4,13,16,46,69,
5,12,18,36,61,
1,5,36,66,70,
9,36,47,59,70,
8,19,20,22,35,
4,6,9,36,56,
4,12,43,48,61,
3,8,38,64,69,
4,12,24,30,57,
5,16,18,44,49,
3,12,26,42,68,
10,15,47,66,70,
8,30,32,53,65,
3,8,15,36,68,
1,4,32,35,62,
8,26,45,47,66,
7,12,17,30,66,
10,27,32,34,66,
1,13,30,41,60,
8,13,31,64,70,
8,41,48,60,65,
6,38,60,62,67,
1,12,32,44,56,
10,13,26,29,64,
7,30,38,56,63,
2,7,14,30,33,
8,12,47,65,68,
4,37,39,66,68,
7,28,42,54,56,
10,19,35,66,70,
6,9,38,52,54,
7,38,42,50,65,
5,38,59,66,68,
2,29,35,50,63,
1,12,38,67,70,
3,28,32,37,68,
2,8,20,29,33,
8,44,49,65,68,
3,8,33,36,62,
3,16,19,40,60,
2,13,43,48,60,
2,8,13,44,47,
3,15,33,40,56,
1,27,52,64,68,
2,7,10,41,44,
1,19,30,38,62,
1,7,32,36,68,
8,12,24,27,51,
9,19,23,52,62,
7,13,23,58,68,
1,36,38,44,62,
5,18,49,64,68,
7,29,46,52,60,
4,10,13,39,70,
6,38,51,56,62,
4,11,18,44,65,
10,36,45,62,70,
2,3,4,16,40,
1,4,32,54,61,
7,18,39,68,70,
1,16,34,53,69,
4,32,51,59,68,
4,8,11,16,39,
9,17,27,48,60,
2,6,15,22,51,
7,22,28,32,63,
6,7,24,33,64,
7,12,15,46,66,
7,11,18,44,60,
2,11,18,47,70,
3,11,28,31,42,
4,7,31,42,56,
7,12,18,56,66,
2,5,16,37,66,
5,18,49,60,70,
2,20,43,66,70,
1,28,31,50,61,
8,11,30,33,64,
1,4,24,32,35,
3,6,20,39,64,
1,20,35,38,68,
1,20,31,66,70,
2,13,16,40,69,
4,20,37,48,69,
1,12,33,68,70,
6,12,47,61,68,
3,38,57,64,68,
3,12,18,41,60,
8,13,44,60,65,
5,16,36,40,62,
4,15,16,39,46,
4,10,41,62,65,
3,18,33,38,66,
5,12,25,43,66,
1,32,52,58,67,
6,19,21,26,32,
6,27,29,32,38,
1,4,30,51,62,
2,7,37,64,66,
10,48,49,52,56,
6,33,35,64,66,
7,40,44,65,68,
7,15,44,46,64,
2,31,45,46,62,
5,10,12,44,61,
3,5,14,30,38,
4,7,43,60,66,
6,31,36,62,65,
6,20,45,51,70,
5,8,30,60,67,
7,18,28,30,49,
2,5,30,55,62,
4,13,21,37,58,
2,11,17,32,68,
3,20,23,36,68,
1,15,25,36,54,
9,27,33,46,66,
2,19,40,47,68,
4,6,15,49,68,
3,12,18,33,36,
10,12,33,58,66,
8,13,31,38,70,
5,23,28,62,68,
4,20,35,63,66,
5,10,33,66,68,
4,13,46,65,70,
3,12,14,39,70,
1,26,30,36,50,
8,24,39,60,69,
2,30,53,57,68,
4,17,19,48,70,
8,19,33,36,66,
5,10,16,30,65,
2,7,34,40,65,
6,33,36,65,68,
4,16,30,57,64,
7,15,46,64,70,
7,11,46,48,60,
1,4,33,68,70,
10,16,41,49,64,
9,30,46,53,65,
7,23,30,38,70,
1,4,31,36,66,
7,9,12,28,40,
2,7,41,46,70,
8,31,39,62,66,
1,30,33,64,66,
2,22,44,55,60,
4,25,37,44,69,
2,10,25,31,38,
1,4,30,35,60,
7,10,41,60,62,
2,4,24,35,63,
7,18,29,31,66,
4,33,55,58,68,
8,20,33,47,56,
7,29,39,46,56,
9,22,35,46,53,
10,26,53,56,65,
10,16,38,53,62,
8,24,34,36,65,
6,27,39,60,70,
3,6,32,36,69,
9,10,33,51,62,
2,31,38,63,68,
8,20,27,44,66,
4,12,31,37,62,
4,33,37,62,70,
2,27,32,37,62,
1,20,44,52,62,
4,6,16,47,61,
7,14,45,48,60,
2,4,11,17,38,
5,8,30,32,51,
1,4,33,62,70,
1,13,24,35,66,
3,13,48,57,64,
5,7,40,64,68,
6,20,24,33,65,
1,3,32,38,58,
8,15,35,60,62,
8,25,36,64,69,
1,29,32,36,64,
3,8,20,39,60,
3,16,28,49,55,
8,28,33,62,67,
7,16,40,62,65,
1,4,32,39,68,
5,7,40,44,68,
4,14,44,61,65,
8,38,53,66,69,
4,22,30,33,63,
10,19,30,33,68,
8,34,49,53,61,
5,18,30,64,69,
3,8,33,36,66,
2,8,39,61,66,
5,7,40,60,70,
1,27,30,32,68,
2,6,24,33,67,
4,12,50,54,63,
9,22,31,59,64,
3,6,35,38,68,
8,20,39,67,70,
6,22,27,33,62,
2,23,27,62,68,
4,10,30,49,58,
4,23,31,62,70,
4,20,47,55,58,
5,8,13,48,62,
5,8,22,38,66,
8,15,49,64,68,
10,15,22,33,36,
4,10,27,44,69,
7,12,16,46,61,
3,8,38,53,56,
3,17,28,33,70,
6,31,39,68,70,
6,32,35,48,58,
7,11,20,37,68,
8,26,33,62,65,
8,28,61,64,68,
2,26,29,32,63,
8,12,15,44,65,
6,16,32,51,53,
1,4,38,60,67,
2,33,38,57,66,
2,28,34,44,63,
4,17,22,31,67,
10,41,47,64,68,
10,20,35,50,62,
6,13,26,51,62,
1,7,22,32,36,
2,25,34,51,63,
6,33,38,67,70,
8,26,30,35,61,
7,32,37,56,62,
7,10,32,35,70,
2,35,37,56,68,
8,31,38,66,69,
4,8,25,38,69,
4,19,43,60,62,
2,8,33,61,70,
8,29,38,60,65,
7,16,32,63,70,
10,12,45,65,70,
5,12,30,42,68,
1,4,36,61,64,
5,16,26,41,59,
8,44,48,52,69,
10,12,44,47,69,
7,29,37,50,60,
4,8,31,64,67,
2,12,30,37,62,
2,14,30,35,61,
5,8,39,68,70,
10,16,31,34,52,
5,14,30,32,58,
2,6,29,32,44,
6,21,33,48,69,
2,17,30,35,70,
1,12,47,58,61,
4,23,29,36,60,
2,7,30,37,60,
6,35,39,62,68,
2,33,37,54,64,
4,7,17,30,60,
9,30,49,59,60,
7,14,31,60,70,
4,32,51,55,66,
7,20,48,59,61,
9,12,21,46,53,
6,16,32,39,67,
2,8,19,47,70,
3,14,32,38,67,
5,8,30,36,53,
3,36,38,59,64,
1,30,39,62,64,
2,14,16,41,47,
6,12,45,60,67,
5,16,18,32,39,
3,7,18,32,68,
7,13,46,62,64,
5,26,40,44,53,
2,5,16,37,62,
6,12,50,51,65,
1,4,39,60,62,
8,19,26,48,50,
6,15,32,62,65,
5,10,45,64,66,
4,37,39,60,62,
6,19,31,41,50,
6,30,54,65,69,
7,12,37,62,64,
8,39,44,54,64,
1,4,12,16,45,
10,19,44,65,68,
2,8,39,62,67,
1,26,35,66,70,
5,8,29,38,66,
7,32,55,68,70,
2,26,37,61,68,
4,40,47,65,68,
2,12,15,44,57,
6,24,31,35,70,
4,7,32,58,63,
10,13,48,64,67,
8,31,52,61,70,
3,19,23,36,56,
10,15,44,47,66,
2,8,27,30,39,
4,5,42,44,70,
1,28,30,33,66,
5,30,42,60,70,
3,32,52,60,63,
4,11,25,37,60,
7,25,48,52,63,
3,6,38,53,60,
3,17,32,64,66,
2,37,54,58,65,
10,16,36,61,69,
6,33,35,66,68,
7,12,46,58,68,
1,5,28,30,66,
10,20,28,29,48,
2,17,30,39,60,
4,24,28,39,63,
3,14,19,48,60,
6,30,33,53,70,
4,14,49,66,69,
6,38,44,69,70,
8,12,16,33,35,
3,7,12,40,60,
7,13,46,48,66,
4,8,16,31,65,
1,19,32,64,66,
10,16,41,60,69,
5,26,27,42,70,
7,24,28,30,37,
6,35,53,62,70,
3,10,32,64,69,
8,26,32,61,65,
4,15,37,60,62,
6,20,24,49,56,
1,5,38,66,70,
4,17,19,44,62,
4,8,39,62,65,
1,4,39,64,66,
1,28,38,67,70,
4,7,40,62,65,
7,17,35,44,68,
7,14,26,47,66,
7,23,30,36,70,
5,16,42,51,67,
4,15,46,62,65,
6,13,29,49,66,
6,20,28,61,65,
4,6,30,34,53,
3,24,32,59,69,
5,20,37,50,67,
2,11,26,42,54,
7,8,15,52,68,
4,35,37,64,70,
6,16,47,65,68,
2,5,19,46,50,
2,8,29,60,69,
5,40,45,64,66,
7,14,16,35,68,
5,15,24,43,54,
3,23,26,30,36,
6,36,39,51,66,
8,32,58,61,65,
10,16,19,22,52,
5,8,32,53,70,
2,10,44,53,54,
4,18,49,62,67,
4,8,11,15,44,
8,29,31,36,64,
2,17,35,66,70,
3,37,52,54,64,
3,8,36,56,65,
4,10,20,30,67,
8,31,36,51,66,
1,35,54,60,62,
5,8,12,30,35,
4,6,34,64,67,
4,16,37,56,64,
3,22,26,32,63,
5,10,31,64,70,
2,19,40,47,70,
6,29,35,38,64,
6,34,49,53,67,
4,18,47,56,69,
4,7,18,30,33,
8,27,36,48,68,
1,32,35,68,70,
4,6,33,64,67,
2,37,53,56,66,
1,32,36,61,64,
6,9,26,35,38,
7,14,16,45,60,
3,13,26,57,66,
1,13,30,32,62,
2,4,37,48,50,
7,14,49,62,64,
2,14,22,53,56,
8,32,35,54,67,
1,33,36,62,70,
2,8,35,67,70,
1,30,32,65,68,
2,15,43,60,66,
5,38,57,60,70,
8,15,16,36,39,
8,25,33,58,65,
2,7,12,37,62,
1,5,36,62,70,
4,19,30,52,59,
4,17,39,68,70,
1,31,38,64,68,
1,26,31,66,68,
3,7,10,36,62,
7,24,30,38,46,
8,32,36,61,69,
2,5,23,36,62,
8,16,47,66,69,
4,11,14,33,68,
10,15,35,64,68,
2,8,15,47,62,
10,15,35,60,62,
4,5,14,36,41,
1,20,26,30,65,
4,6,15,33,66,
2,32,39,59,66,
10,32,36,61,69,
5,13,46,64,70,
8,21,32,48,52,
1,4,33,38,62,
2,4,15,43,66,
6,20,36,39,67,
6,12,44,47,67,
6,36,58,65,69,
4,33,38,63,68,
5,20,34,63,64,
4,12,18,49,61,
10,16,45,47,64,
2,35,54,63,66,
8,34,45,53,61,
1,13,48,60,64,
1,4,32,54,67,
3,6,27,60,64,
7,24,28,37,60,
2,10,41,45,66,
2,20,23,35,50,
2,6,32,35,67,
6,19,30,32,61,
5,26,37,60,70,
2,8,24,47,49,
4,7,32,55,66,
3,8,15,36,70,
4,17,48,60,65,
2,37,56,58,69,
9,19,21,32,46,
7,36,59,66,70,
1,32,54,60,62,
3,20,26,40,69,
1,32,36,64,67,
6,27,35,48,67,
6,27,36,62,67,
2,16,27,55,67,
4,7,11,14,44,
7,11,28,37,68,
7,10,31,62,66,
4,10,12,41,65,
1,20,28,48,50,
8,20,29,52,62,
2,15,38,43,48,
7,11,40,60,66,
6,25,36,38,45,
2,10,41,45,62,
8,19,36,39,68,
3,10,27,48,69,
2,7,11,46,62,
3,28,34,59,69,
4,11,22,33,43,
2,5,11,40,44,
3,10,27,48,65,
2,6,11,16,45,
4,8,41,45,68,
5,36,38,50,55,
8,16,33,64,69,
1,24,32,39,70,
2,20,27,63,66,
10,26,35,62,69,
5,18,31,60,68,
3,12,14,36,65,
5,16,40,45,66,
1,24,28,33,68,
3,6,31,38,64,
8,27,29,38,62,
2,23,29,38,64,
2,15,43,62,70,
5,6,16,20,48,
2,12,16,39,63,
3,8,30,33,52,
5,10,31,62,64,
2,11,17,36,60,
5,6,11,20,52,
8,26,29,36,61,
3,8,36,39,70,
7,38,56,63,70,
2,6,11,32,39,
5,12,30,43,67,
6,27,30,36,70,
5,16,37,60,66,
2,6,24,29,35,
5,10,12,35,70,
4,8,13,49,62,
2,7,10,41,60,
9,10,27,45,70,
4,14,30,34,45,
3,36,59,64,70,
8,24,26,35,61,
4,27,30,63,68,
6,16,31,38,61,
4,8,22,31,35,
6,13,31,38,68,
1,22,35,60,64,
9,12,32,55,61,
2,32,51,63,66,
1,4,31,62,70,
5,12,15,40,66,
6,35,53,60,66,
4,17,48,64,67,
4,8,31,33,62,
2,16,32,39,63,
10,45,48,65,70,
7,36,54,58,63,
2,6,11,16,47,
4,8,19,30,39,
4,6,19,50,66,
5,8,31,54,56,
4,14,19,30,39,
1,29,32,38,68,
1,35,54,56,64,
6,31,54,56,65,
2,3,18,27,38,
10,15,33,66,68,
7,32,38,54,59,
6,15,28,34,51,
2,10,21,39,64,
3,12,31,40,52,
4,7,28,63,68,
3,10,12,45,66,
1,15,44,60,64,
2,35,37,54,56,
1,5,12,48,60,
2,12,19,37,66,
8,27,30,33,68,
5,19,40,62,68,
5,11,16,46,60,
6,13,16,48,65,
1,13,20,52,68,
6,11,15,30,36,
4,6,32,39,67,
1,3,28,30,32,
7,11,18,30,38,
6,35,39,60,70,
7,15,22,48,55,
1,4,22,30,35,
8,30,35,58,69,
4,8,33,58,67,
6,26,29,31,62,
4,6,25,33,36,
2,5,18,47,68,
5,20,24,37,70,
8,13,45,60,70,
2,6,30,45,58,
2,15,18,47,70,
7,8,41,52,64,
4,18,49,53,54,
1,4,35,58,62,
2,36,57,62,65,
6,32,38,61,69,
6,28,33,64,67,
8,33,53,64,68,
4,7,10,13,44,
5,17,30,53,66,
4,8,31,67,70,
2,8,27,60,67,
10,41,51,52,60,
4,6,41,45,66,
1,26,39,62,66,
5,18,21,52,60,
5,20,28,43,68,
6,19,36,44,62,
3,8,32,62,65,
5,14,16,32,35,
2,6,25,31,62,
7,22,37,60,64,
1,28,30,39,68,
3,6,30,51,60,
1,31,56,64,68,
1,12,21,36,60,
6,44,45,51,64,
2,7,18,41,64,
1,5,30,38,62,
3,18,47,60,68,
4,22,24,46,69,
2,26,29,37,60,
8,12,16,45,61,
4,10,33,39,68,
4,17,36,65,70,
6,16,45,64,67,
2,22,53,60,63,
6,15,45,64,66,
3,17,28,39,44,
4,14,19,45,62,
4,14,47,65,70,
7,27,38,40,48,
3,6,26,31,64,
3,16,33,43,52,
3,32,36,60,63,
5,13,22,55,62,
2,13,38,63,68,
8,12,41,49,60,
2,4,17,48,65,
1,4,22,35,64,
2,12,33,63,68,
1,3,38,64,68,
6,15,32,49,56,
1,4,38,54,67,
8,26,29,38,69,
2,6,16,49,67,
2,14,22,34,45,
1,7,30,52,66,
5,30,36,52,55,
5,18,48,65,70,
5,21,40,52,67,
1,26,30,36,69,
2,12,14,49,67,
8,22,33,35,66,
7,12,18,44,68,
3,12,42,51,61,
4,10,16,39,67,
7,15,40,62,66,
4,8,30,65,69,
1,33,38,68,70,
3,8,28,31,62,
2,7,14,45,62,
2,5,15,40,66,
2,15,18,35,70,
2,13,18,30,33,
5,16,40,45,60,
4,22,40,51,56,
2,4,11,43,48,
7,32,37,52,70,
3,10,13,32,38,
6,20,39,66,69,
5,14,31,62,66,
2,6,31,33,62,
3,12,14,49,64,
1,20,32,35,68,
6,15,30,41,53,
1,20,29,32,68,
1,4,30,35,64,
2,29,32,52,55,
2,32,34,53,63,
2,10,30,39,67,
8,22,39,60,69,
2,7,20,37,70,
4,23,28,39,70,
4,30,38,59,69,
4,8,31,52,67,
2,5,28,37,70,
7,22,42,48,52,
8,13,30,38,54,
1,11,32,64,68,
3,34,46,52,60,
3,12,36,46,62,
10,22,38,49,65,
8,39,53,56,66,
2,8,39,64,67,
2,8,24,31,39,
5,8,24,27,30,
4,28,51,63,66,
1,20,39,60,70,
3,19,36,40,61,
5,38,46,49,62,
5,8,16,36,69,
5,12,40,44,65,
3,10,35,51,66,
1,30,35,60,70,
5,18,39,60,66,
4,30,37,53,58,
8,12,24,31,53,
10,16,45,49,62,
10,16,35,66,69,
2,38,54,57,61,
1,15,30,45,54,
7,16,29,46,65,
4,37,38,44,51,
6,20,24,31,67,
1,19,30,49,58,
8,11,13,48,60,
6,11,47,60,70,
9,12,24,37,65,
1,33,58,64,68,
8,29,32,64,69,
4,12,21,23,38,
2,5,11,46,60,
4,15,17,48,66,
1,3,26,36,62,
5,18,39,54,61,
4,8,31,48,50,
3,5,12,16,40,
4,36,38,63,67,
1,16,32,60,67,
7,30,37,60,62,
7,21,31,42,62,
7,20,23,32,66,
5,36,55,58,62,
8,19,38,66,69,
5,40,48,66,69,
2,5,40,49,68,
3,7,40,62,64,
2,7,18,35,70,
4,14,45,49,66,
10,30,31,38,66,
5,12,17,38,68,
1,7,32,38,66,
5,14,20,22,34,
1,22,28,33,68,
2,13,30,38,63,
4,17,21,45,70,
8,13,41,44,64,
6,16,19,30,39,
1,32,52,61,64,
1,7,28,44,60,
3,11,14,32,36,
4,14,19,49,62,
8,13,31,36,62,
2,7,30,59,68,
7,14,16,32,67,
7,14,45,60,70,
3,20,23,36,66,
9,32,46,51,67,
1,32,39,52,62,
3,5,16,46,60,
10,33,56,58,60,
1,16,49,64,66,
2,11,16,46,69,
4,6,30,53,61,
3,15,40,62,64,
6,19,49,60,68,
6,25,36,39,70,
3,6,36,53,70,
6,15,30,35,60,
10,16,44,64,69,
10,44,47,61,64,
6,26,28,35,67,
4,36,43,53,54,
4,25,26,30,42,
7,18,35,41,56,
3,15,18,36,38,
8,12,16,27,50,
5,15,21,42,68,
4,10,13,45,48,
4,35,55,58,70,
7,22,31,43,54,
10,13,27,36,70,
6,13,39,62,64,
5,30,36,57,64,
4,23,26,41,52,
1,24,27,36,68,
7,32,38,63,70,
2,17,47,60,70,
4,7,10,16,31,
9,16,38,49,63,
6,31,38,54,61,
6,12,41,44,65,
3,6,36,38,53,
6,20,29,38,61,
7,16,19,40,60,
5,23,36,38,58,
8,24,27,30,52,
10,31,38,62,65,
6,19,30,53,61,
4,33,38,59,70,
4,36,58,63,65,
2,6,29,32,65,
7,12,20,48,57,
4,8,36,67,69,
4,6,36,47,67,
3,7,10,36,52,
8,15,19,36,70,
8,22,28,39,61,
2,30,35,52,55,
10,33,38,61,70,
1,26,31,36,70,
5,7,40,64,66,
8,36,58,67,69,
2,24,27,63,66,
5,13,23,34,62,
2,32,39,55,70,
2,33,37,52,58,
3,14,38,60,69,
6,22,27,60,65,
2,6,33,61,66,
5,11,35,46,50,
3,23,28,30,36,
6,19,20,24,44,
3,18,47,60,70,
4,23,32,33,66,
1,5,26,30,36,
8,33,53,68,70,
4,33,36,57,66,
4,23,27,30,36,
8,27,33,38,70,
3,26,37,54,65,
7,10,44,49,70,
4,10,30,31,66,
7,15,24,57,68,
7,14,39,62,68,
5,16,18,30,33,
5,11,18,30,36,
4,14,16,31,39,
5,8,27,30,66,
5,25,34,55,64,
5,14,19,32,66,
4,7,28,55,56,
1,4,16,48,69,
5,13,46,48,68,
5,8,33,36,62,
2,7,14,47,68,
10,16,32,45,66,
2,23,36,64,67,
1,19,27,48,56,
8,36,51,64,67,
7,24,28,37,68,
5,10,12,44,69,
6,13,16,32,65,
1,7,24,28,62,
4,20,42,50,61,
7,32,55,66,70,
2,32,56,59,69,
7,30,38,55,64,
5,18,31,36,66,
6,11,16,49,64,
6,24,29,33,36,
3,11,14,38,60,
4,8,31,51,66,
8,22,47,54,60,
2,7,10,16,49,
2,5,14,33,68,
10,15,30,64,67,
3,6,15,44,60,
2,15,46,47,66,
4,23,30,39,62,
3,8,33,38,66,
4,13,15,46,68,
2,30,35,54,63,
1,4,12,44,47,
7,10,30,65,70,
5,8,24,28,61,
5,13,46,50,61,
6,20,31,33,62,
1,20,24,38,69,
3,12,23,35,56,
1,16,19,36,62,
7,18,32,62,67,
4,27,37,60,62,
5,7,40,48,68,
3,8,22,28,39,
4,7,10,45,68,
5,10,36,61,70,
5,14,45,62,64,
1,4,32,56,61,
2,8,34,51,68,
8,33,39,62,64,
1,7,32,36,66,
7,19,40,56,67,
8,26,29,32,65,
2,5,16,18,39,
4,28,35,63,68,
10,39,52,56,62,
8,26,29,36,69,
4,13,43,60,70,
8,20,24,33,65,
2,29,30,38,42,
9,18,33,47,62,
3,6,15,36,38,
5,15,18,36,68,
7,14,47,60,70,
6,25,33,36,68,
6,27,30,38,67,
1,7,20,32,62,
10,36,38,61,67,
5,8,36,39,68,
8,20,44,51,66,
2,16,52,63,70,
4,36,51,63,70,
6,33,35,64,68,
4,17,36,61,68,
1,4,22,35,38,
4,12,33,63,66,
6,22,32,39,67,
6,28,44,47,56,
4,38,52,59,61,
6,13,19,44,70,
8,13,19,38,66,
2,26,31,57,66,
8,13,22,28,62,
7,11,36,40,61,
6,38,61,64,70,
7,10,12,30,61,
2,6,30,61,65,
4,13,19,40,68,
3,23,32,36,60,
4,31,37,68,70,
8,29,31,38,66,
4,28,33,37,68,
4,31,32,55,58,
8,22,39,58,60,
8,26,64,66,67,
4,6,35,66,69,
3,14,33,38,66,
1,5,28,60,70,
4,33,37,60,70,
6,13,20,47,50,
4,23,28,30,61,
9,13,31,42,58,
5,17,25,48,64,
6,20,30,39,47,
2,4,18,39,61,
5,21,43,54,64,
4,8,41,45,62,
2,31,52,59,70,
3,20,33,36,40,
4,32,38,63,67,
5,20,24,37,60,
4,12,48,63,69,
4,6,19,32,67,
5,36,52,55,66,
10,19,33,62,66,
5,14,33,36,70,
2,30,37,66,69,
3,6,36,64,67,
2,4,15,48,63,
1,26,36,61,70,
7,11,46,62,64,
2,28,48,59,68,
4,22,37,39,70,
4,17,21,48,51,
3,19,26,40,60,
4,7,30,37,68,
4,21,40,51,67,
5,16,21,43,60,
10,13,45,62,66,
1,26,30,32,54,
3,14,27,31,48,
5,16,46,49,60,
3,8,28,33,68,
5,15,44,46,60,
10,29,36,48,64,
4,6,11,47,70,
10,13,22,36,50,
4,12,43,47,66,
2,30,53,55,60,
8,24,26,33,67,
4,16,25,32,42,
1,12,44,49,60,
1,4,33,36,68,
2,32,54,59,67,
1,30,36,51,62,
5,13,25,40,58,
4,8,22,27,33,
3,8,13,36,66,
4,13,37,66,68,
4,6,30,47,62,
10,22,38,53,54,
6,16,31,64,67,
5,11,14,38,62,
3,12,49,56,63,
1,5,32,60,70,
9,23,32,56,65,
2,27,30,37,68,
2,30,42,50,65,
1,12,24,47,61,
5,11,18,32,66,
2,15,46,49,70,
5,11,23,52,68,
7,12,32,37,68,
2,35,37,68,70,
6,20,29,31,62,
10,28,30,45,68,
2,24,27,63,70,
8,44,49,52,58,
1,5,32,60,66,
4,38,57,65,68,
8,31,35,58,62,
5,24,32,37,70,
4,37,39,54,60,
1,12,35,38,68,
4,22,42,47,50,
1,4,15,28,48,
7,32,55,64,66,
2,10,15,44,68,
8,20,39,54,56,
2,29,42,60,66,
5,8,33,58,66,
3,32,36,58,63,
3,20,26,30,63,
2,5,40,44,65,
4,7,15,46,62,
2,37,58,65,68,
6,15,45,62,68,
7,12,14,44,61,
2,5,14,16,49,
1,36,39,60,66,
2,17,47,64,68,
8,26,36,61,67,
5,26,44,46,56,
4,7,30,37,60,
4,18,32,65,67,
2,7,12,43,68,
4,8,13,39,68,
10,15,35,54,60,
2,10,19,45,66,
2,4,15,18,41,
7,13,16,46,70,
8,16,19,47,62,
2,6,31,65,70,
7,17,22,53,66,
8,36,51,61,66,
2,4,37,67,70,
2,14,16,19,50,
6,19,48,65,70,
4,23,26,62,67,
8,13,32,39,62,
8,22,27,33,62,
2,32,35,59,68,
4,18,51,66,70,
4,26,41,57,61,
4,24,35,63,68,
2,24,32,63,67,
4,23,33,38,70,
6,12,19,47,66,
8,30,35,64,67,
1,5,20,32,68,
2,38,59,62,69,
1,20,30,36,67,
5,8,24,27,60,
3,8,20,36,65,
6,15,27,32,68,
4,25,28,37,68,
4,6,15,47,62,
3,12,14,47,68,
4,39,54,59,62,
2,26,44,45,63,
10,28,32,61,70,
6,35,38,61,68,
2,15,44,46,67,
2,30,37,60,69,
4,7,18,32,67,
4,6,31,54,65,
1,33,52,54,68,
2,12,22,53,59,
8,19,25,56,65,
3,8,31,38,60,
2,4,40,41,56,
1,22,28,39,62,
1,12,36,62,69,
7,32,37,66,68,
8,15,49,62,66,
4,23,28,61,66,
1,3,12,16,38,
6,15,44,47,70,
1,24,33,36,70,
2,19,23,38,50,
4,14,19,47,62,
3,20,28,46,68,
4,13,15,46,62,
1,20,26,30,33,
4,13,32,59,62,
9,14,27,30,47,
2,24,33,63,66,
3,38,55,64,66,
4,8,22,31,67,
6,19,33,38,68,
3,6,32,35,60,
1,22,35,38,70,
2,15,40,47,68,
6,31,56,60,69,
9,12,24,26,40,
2,7,36,63,66,
10,16,31,38,61,
2,7,23,38,68,
2,16,18,35,69,
6,26,29,39,68,
9,20,40,64,68,
4,23,31,36,66,
4,13,41,58,63,
8,26,27,34,56,
4,16,49,63,68,
2,10,19,41,62,
2,6,9,26,56,
4,14,21,33,61,
2,11,14,36,39,
1,7,32,52,66,
7,18,36,38,61,
8,33,36,56,67,
4,32,35,57,70,
8,13,19,48,68,
7,36,38,56,63,
4,27,37,48,67,
1,4,35,54,66,
1,7,24,32,66,
4,13,30,37,70,
8,24,27,33,66,
2,5,17,48,60,
1,30,53,58,60,
3,12,21,35,46,
4,12,19,44,63,
1,7,30,60,66,
2,14,35,66,69,
2,7,10,41,66,
5,30,52,63,70,
5,30,54,57,64,
1,22,28,39,68,
6,35,52,62,65,
7,15,46,48,68,
2,15,41,46,64,
3,6,36,62,69,
5,8,36,56,61,
4,15,46,65,68,
2,14,49,65,68,
8,36,45,53,62,
10,16,33,39,62,
3,32,52,59,62,
8,11,32,39,68,
4,8,13,44,47,
6,36,39,65,68,
2,16,40,65,67,
4,28,32,37,67,
4,10,19,30,33,
9,15,23,56,64,
7,10,22,39,61,
6,13,26,62,68,
2,10,31,65,70,
2,8,31,39,54,
4,18,39,61,66,
2,6,12,39,67,
1,4,35,64,68,
8,16,36,45,62,
1,20,33,36,62,
1,33,48,54,65,
4,11,12,27,42,
1,4,30,53,56,
2,4,39,54,63,
3,6,32,65,70,
1,4,31,64,68,
4,13,18,49,68,
8,20,24,33,67,
6,22,33,36,61,
2,6,16,41,45,
8,22,28,33,67,
4,29,39,56,63,
6,22,26,31,67,
2,23,35,38,54,
4,30,52,55,65,
2,3,18,51,64,
4,6,9,30,52,
3,7,12,44,46,
8,31,36,50,68,
4,24,34,40,47,
1,4,30,33,64,
8,32,56,67,69,
8,24,45,47,52,
3,36,57,60,62,
5,14,45,48,60,
10,24,26,30,51,
4,16,18,47,66,
7,18,30,38,67,
8,11,16,32,35,
2,13,14,39,48,
3,7,12,16,40,
7,30,52,59,68,
6,15,35,60,66,
2,16,38,63,69,
3,12,46,58,64,
5,14,47,52,54,
7,8,12,24,54,
2,25,39,55,68,
2,30,51,57,64,
10,13,47,62,64,
1,20,28,39,70,
6,39,51,66,68,
5,7,12,46,66,
5,17,26,41,68,
4,18,47,49,66,
5,8,30,35,66,
1,4,19,48,70,
8,32,38,61,69,
4,30,59,65,68,
7,17,36,64,68,
6,13,19,44,68,
1,30,36,65,68,
6,9,20,30,52,
2,7,37,68,70,
8,33,39,60,62,
10,13,39,62,66,
1,26,29,32,64,
6,13,38,64,67,
8,29,33,38,66,
8,16,36,61,69,
7,36,57,66,70,
4,33,37,60,62,
1,2,30,60,66,
4,19,40,47,70,
8,33,39,60,70,
1,5,30,36,52,
1,4,22,31,64,
7,10,36,61,68,
4,6,41,60,65,
7,30,32,57,64,
3,6,12,35,66,
1,20,33,36,66,
10,29,35,53,70,
2,6,25,28,61,
3,8,44,49,60,
2,7,10,41,64,
2,35,59,66,70,
9,26,47,59,62,
5,8,24,36,67,
2,6,22,25,33,
6,36,53,58,67,
6,31,36,54,69,
2,7,36,59,62,
1,36,39,56,66,
8,31,54,58,65,
2,7,14,36,61,
8,11,13,30,64,
10,16,29,52,64,
3,36,38,59,66,
3,8,16,35,60,
2,31,37,62,64,
9,18,20,38,44,
1,38,41,53,62,
7,10,41,44,64,
8,32,39,45,54,
4,6,30,39,67,
5,10,32,65,68,
5,8,16,19,36,
4,31,59,68,70,
6,11,20,51,67,
1,4,15,48,70,
3,10,32,47,67,
4,7,10,45,56,
7,13,44,46,60,
2,22,24,37,39,
10,31,36,61,66,
2,35,38,63,70,
2,8,27,33,62,
9,14,24,33,51,
8,30,51,61,64,
4,27,30,63,64,
1,4,24,38,69,
8,28,30,39,61,
5,12,37,62,66,
7,11,18,36,68,
7,24,30,43,69,
2,6,16,19,39,
1,27,36,66,70,
6,28,33,61,70,
6,36,53,56,67,
4,40,47,61,68,
6,35,39,60,66,
2,11,32,63,68,
5,23,32,62,70,
2,36,38,63,67,
8,32,38,61,67,
4,8,29,36,65,
5,30,36,57,70,
2,7,43,48,60,
1,7,22,32,66,
8,33,38,60,67,
3,7,16,18,36,
4,37,54,61,64,
8,33,39,56,62,
7,12,19,44,46,
7,12,13,46,62,
4,8,22,35,69,
6,31,38,53,70,
8,16,19,36,65,
2,32,37,62,65,
3,6,15,44,64,
1,7,36,38,68,
4,19,37,62,64,
4,25,28,38,63,
2,14,48,67,69,
2,33,54,59,64,
7,29,36,55,62,
6,22,27,35,64,
7,19,40,48,60,
5,12,43,68,70,
7,26,30,63,68,
4,17,39,58,61,
4,6,39,51,62,
3,6,38,51,68,
6,19,32,60,67,
4,26,30,37,61,
10,13,49,60,62,
4,15,18,47,62,
5,8,32,51,66,
4,5,14,34,44,
4,40,44,45,62,
4,35,56,63,70,
2,7,40,49,62,
2,29,43,51,70,
1,19,29,58,64,
6,35,58,62,69,
5,30,38,60,63,
8,33,58,60,67,
8,30,32,53,69,
3,6,28,36,61,
2,8,24,31,44,
4,27,31,40,62,
6,31,52,56,61,
5,8,41,60,62,
2,15,46,62,69,
1,24,26,33,38,
4,22,27,37,66,
5,7,12,46,70,
8,12,48,65,67,
2,32,55,64,67,
4,23,31,60,66,
3,8,26,62,64,
2,7,12,40,61,
2,6,19,36,61,
3,6,28,31,38,
8,22,39,60,65,
3,8,24,31,38,
7,12,40,61,66,
4,6,15,41,62,
3,12,15,46,64,
4,22,39,46,58,
2,11,35,46,67,
5,11,18,36,64,
2,26,33,46,61,
5,6,26,54,69,
6,41,45,60,70,
2,12,35,37,68,
3,6,36,39,68,
1,7,26,30,64,
8,31,54,56,65,
2,33,57,66,70,
8,13,41,60,64,
7,30,32,57,60,
6,31,33,58,68,
3,32,52,59,70,
4,6,19,28,61,
6,13,39,60,70,
2,3,14,36,65,
10,15,34,50,64,
7,12,17,48,66,
2,31,36,63,70,
3,5,10,44,64,
4,31,59,64,68,
5,10,19,38,62,
2,18,56,68,69,
6,31,34,45,52,
1,4,30,52,65,
6,20,35,65,70,
5,15,18,24,36,
6,35,54,62,69,
3,4,40,52,69,
4,33,59,66,70,
6,32,53,61,64,
4,19,40,47,68,
2,12,41,63,70,
8,12,36,39,67,
5,24,36,38,63,
2,23,36,66,69,
1,4,36,67,70,
1,30,38,64,67,
9,26,43,53,70,
8,19,44,62,69,
1,26,28,39,62,
3,8,25,36,38,
1,12,38,62,67,
1,20,26,33,62,
3,6,38,62,69,
8,15,32,35,70,
1,4,12,44,67,
5,8,13,44,62,
3,8,32,64,69,
1,11,26,53,68,
4,22,33,63,68,
4,40,49,62,69,
1,26,32,53,66,
7,8,24,38,50,
4,14,19,41,62,
2,30,39,60,63,
9,10,35,48,53,
1,33,58,60,64,
4,30,52,57,70,
7,14,45,68,70,
2,8,11,36,61,
1,33,36,58,62,
7,15,18,30,66,
7,12,17,30,64,
1,22,31,36,66,
4,42,50,60,67,
1,5,26,32,66,
4,14,27,44,48,
4,11,18,49,60,
2,28,50,57,62,
2,8,25,44,60,
3,12,18,35,66,
7,10,16,45,60,
5,14,19,36,62,
8,13,16,35,70,
2,20,24,35,63,
3,36,52,59,66,
1,20,27,32,66,
2,8,28,31,61,
5,8,16,19,38,
4,7,30,63,66,
5,8,36,51,68,
4,37,39,62,66,
3,12,29,32,59,
2,4,17,47,70,
3,14,20,54,64,
2,18,53,69,70,
6,13,45,48,68,
6,20,34,39,48,
9,13,31,42,56,
8,27,32,62,65,
10,19,49,64,68,
4,37,52,56,67,
5,12,26,59,62,
5,29,39,42,56,
8,32,39,65,68,
4,35,46,51,70,
7,10,12,45,70,
2,26,29,32,37,
6,7,12,29,60,
8,29,33,36,68,
3,4,42,50,52,
6,35,39,54,56,
5,37,52,60,62,
2,8,19,35,66,
5,10,12,41,48,
6,11,16,31,64,
3,8,20,35,38,
4,11,18,36,61,
6,39,58,64,67,
1,30,51,64,66,
8,44,49,66,69,
1,28,30,36,54,
5,30,52,57,60,
2,7,38,59,68,
5,10,13,48,60,
1,7,36,64,66,
6,15,31,36,62,
2,33,36,57,62,
3,8,31,38,68,
7,38,52,63,66,
3,13,34,59,60,
7,16,18,41,64,
2,14,31,35,68,
4,6,20,25,35,
2,4,30,37,61,
7,13,30,43,66,
4,8,22,31,61,
4,22,31,63,70,
1,3,12,16,36,
6,31,33,52,54,
5,8,13,48,66,
2,31,37,64,68,
1,33,36,66,70,
4,28,46,50,61,
5,30,36,55,60,
6,32,35,61,70,
3,10,13,30,64,
2,14,20,25,31,
2,31,54,59,66,
4,14,21,27,32,
2,27,34,57,61,
2,5,40,56,62,
3,8,36,38,51,
4,8,25,60,62,
1,7,22,32,60,
9,26,31,40,67,
8,22,26,35,61,
3,24,47,57,64,
7,10,15,44,60,
1,36,39,62,64,
3,8,31,36,54,
7,12,24,40,66,
2,24,33,40,62,
4,6,16,45,65,
1,33,58,60,62,
4,19,40,47,66,
6,16,33,44,60,
7,11,33,46,62,
3,8,27,32,64,
4,7,30,63,68,
4,15,18,47,66,
10,13,49,60,66,
1,12,45,48,66,
2,8,41,49,68,
4,6,35,58,61,
3,32,52,57,70,
2,8,30,33,61,
8,26,31,62,69,
5,30,52,55,70,
2,6,12,41,65,
10,15,45,66,68,
2,8,22,25,31,
2,40,58,60,61,
3,17,36,64,66,
2,30,53,55,68,
3,6,28,31,64,
9,13,22,46,53,
2,4,37,61,64,
1,3,36,38,62,
4,18,41,47,60,
2,4,16,37,69,
1,5,16,36,68,
4,18,47,61,70,
3,10,12,30,35,
9,14,26,38,66,
7,17,30,32,66,
8,22,44,45,52,
1,30,38,51,52,
7,16,40,49,60,
5,18,49,66,70,
2,7,30,37,70,
4,15,20,21,42,
4,14,16,31,65,
5,10,19,48,68,
4,17,36,49,70,
1,5,24,32,64,
7,40,47,64,68,
10,28,34,35,49,
2,11,30,38,63,
6,11,12,36,50,
3,8,32,66,69,
2,7,36,57,68,
1,4,32,39,70,
2,20,22,57,65,
3,8,32,36,51,
8,32,53,56,65,
10,16,41,64,69,
8,19,39,60,70,
10,13,36,39,62,
10,41,49,64,70,
10,44,47,60,69,
4,37,51,62,64,
4,20,42,49,67,
2,24,32,63,69,
5,20,37,60,66,
1,20,32,35,44,
6,32,39,44,54,
8,22,24,51,52,
2,31,57,68,70,
6,33,38,66,69,
4,12,43,62,65,
8,12,15,30,39,
10,19,31,62,66,
2,5,11,14,44,
6,32,53,56,67,
9,10,27,39,66,
8,20,29,33,66,
5,18,31,64,68,
3,6,32,51,58,
5,30,38,63,68,
8,32,51,54,61,
3,18,32,35,68,
4,5,31,46,58,
5,8,24,39,70,
2,6,31,38,61,
7,28,38,63,68,
2,4,33,56,59,
5,8,22,26,61,
4,14,16,39,67,
3,14,39,60,70,
4,27,37,66,70,
8,20,27,30,47,
5,14,16,33,62,
4,10,29,62,64,
2,32,35,59,62,
1,11,32,64,66,
4,18,48,61,65,
7,19,42,50,61,
6,36,51,56,65,
2,7,32,55,58,
4,23,30,38,67,
1,36,38,56,61,
2,6,16,35,39,
3,8,16,45,60,
6,35,58,64,67,
4,8,28,31,67,
4,14,19,41,70,
2,16,40,47,61,
1,3,26,30,32,
7,14,30,32,61,
7,14,26,50,51,
5,30,37,52,54,
4,6,35,61,66,
4,18,30,39,65,
8,27,36,38,67,
2,14,45,67,70,
7,12,29,59,70,
4,8,32,61,67,
3,14,24,45,65,
2,5,24,32,63,
6,30,32,65,69,
9,28,42,51,67,
3,6,30,36,65,
2,7,31,40,68,
9,15,36,43,62,
8,24,26,38,67,
8,11,30,39,60,
4,6,26,29,35,
2,13,19,40,48,
7,36,40,44,69,
5,7,10,16,32,
9,12,27,42,67,
4,10,24,49,54,
6,19,33,64,68,
1,35,38,64,70,
7,10,44,60,69,
6,25,33,38,68,
1,16,44,60,65,
2,23,36,54,62,
3,32,52,57,62,
4,8,25,35,68,
5,18,30,61,64,
1,3,20,36,70,
8,29,33,45,62,
3,19,34,59,60,
4,11,40,44,69,
3,4,30,42,64,
8,27,34,44,52,
4,33,52,57,66,
4,7,22,24,37,
10,15,31,32,66,
7,27,28,42,58,
2,4,23,32,67,
1,25,38,49,70,
2,6,25,28,35,
3,36,38,52,63,
4,10,30,61,69,
1,4,12,16,47,
4,10,41,47,64,
10,31,35,60,66,
5,8,36,61,66,
8,24,33,36,67,
2,30,51,54,63,
3,8,24,32,39,
1,16,36,38,61,
8,33,36,64,67,
3,8,11,36,60,
1,5,24,32,62,
3,6,29,36,38,
10,15,30,60,62,
2,14,44,61,69,
2,8,20,29,61,
1,3,26,32,60,
4,13,17,48,62,
8,26,29,33,38,
7,14,47,64,66,
2,33,57,60,68,
8,36,53,64,67,
8,20,33,62,67,
4,35,38,43,50,
1,33,36,52,58,
5,8,30,53,70,
4,7,13,46,62,
5,8,33,36,70,
3,12,27,37,70,
6,9,26,32,47,
2,23,32,60,67,
4,6,25,29,32,
4,15,30,37,66,
1,7,32,38,62,
4,6,38,51,61,
6,31,56,62,65,
4,21,33,55,70,
3,18,26,56,60,
2,7,17,32,50,
3,6,39,52,62,
4,15,18,22,24,
6,35,51,66,70,
5,22,48,55,65,
2,8,41,47,66,
2,10,13,45,66,
4,13,16,38,55,
2,10,19,47,66,
2,4,31,63,70,
4,12,36,59,61,
1,24,28,32,62,
3,8,32,35,66,
9,22,49,59,64,
4,17,36,64,67,
10,12,19,30,62,
5,10,11,20,28,
4,30,52,63,67,
6,27,45,54,61,
7,16,28,41,63,
3,6,16,45,64,
8,44,47,66,69,
10,15,36,39,70,
5,37,54,60,62,
9,12,36,42,68,
6,30,35,65,68,
2,4,31,63,68,
4,30,37,52,65,
6,15,31,62,70,
2,20,25,37,62,
6,39,53,58,62,
1,32,52,54,61,
3,6,39,60,64,
8,15,35,38,68,
10,27,41,51,66,
5,30,32,63,70,
6,15,38,61,68,
3,25,38,59,60,
6,36,39,62,65,
3,13,32,43,62,
4,6,27,29,62,
2,4,32,37,61,
5,10,32,61,70,
5,27,46,58,60,
6,13,16,31,38,
4,10,36,67,69,
2,5,22,32,37,
10,29,49,51,62,
6,28,33,65,68,
1,20,29,38,70,
5,30,38,52,55,
2,24,26,33,37,
8,22,33,64,69,
7,40,48,62,65,
2,23,30,36,58,
3,5,12,16,46,
2,4,17,28,61,
8,12,16,31,61,
4,11,16,40,47,
2,20,35,37,70,
5,23,30,32,62,
4,10,13,30,68,
6,22,32,35,61,
1,27,30,38,70,
8,24,26,39,65,
4,33,36,63,70,
4,6,31,51,66,
4,6,30,51,69,
1,32,35,54,64,
1,16,19,36,38,
1,30,52,60,68,
2,18,41,47,64,
5,28,46,58,62,
8,16,44,65,69,
2,6,12,45,67,
2,6,15,41,70,
3,14,41,52,69,
4,17,48,66,69,
6,31,39,58,68,
3,8,27,38,66,
3,8,15,32,68,
3,15,42,53,70,
4,6,27,30,61,
2,35,54,57,62,
7,40,47,66,68,
4,6,31,64,67,
6,31,38,58,69,
2,5,10,15,30,
8,12,41,64,69,
2,6,39,53,58,
7,8,36,58,70,
4,8,35,39,70,
9,32,46,58,64,
4,6,33,61,64,
3,6,33,36,64,
4,32,37,51,54,
10,15,36,66,69,
2,4,29,63,68,
4,8,22,33,65,
4,16,46,49,69,
4,22,35,63,66,
5,22,39,57,66,
3,8,33,38,60,
7,18,47,62,66,
2,24,28,61,63,
5,14,16,47,68,
3,6,35,62,64,
8,31,38,53,68,
3,23,36,49,62,
6,13,49,64,66,
4,35,52,59,68,
3,36,55,60,70,
7,10,44,61,64,
6,12,38,41,44,
1,20,33,64,66,
5,38,57,60,66,
1,5,22,38,70,
6,31,33,58,64,
5,39,44,55,68,
6,19,50,52,54,
4,6,25,39,68,
2,7,18,47,66,
1,32,36,61,70,
5,38,52,56,63,
1,27,36,38,68,
2,5,28,63,68,
8,13,30,39,60,
6,30,35,52,67,
6,7,13,44,60,
3,8,32,53,70,
7,11,33,42,62,
4,10,21,32,44,
4,6,13,15,48,
2,30,54,57,65,
2,4,23,29,38,
4,7,10,35,68,
4,18,38,61,69,
7,12,36,59,68,
5,36,56,59,68,
3,11,46,60,64,
4,22,29,32,63,
6,16,38,49,70,
2,20,24,37,67,
4,23,32,64,67,
2,4,10,16,25,
8,16,45,49,70,
3,7,10,36,64,
7,18,21,45,68,
7,10,39,62,70,
8,20,31,67,70,
2,5,12,17,48,
2,30,33,56,59,
8,16,26,49,70,
1,4,39,68,70,
5,10,16,45,48,
3,18,22,45,53,
7,12,37,62,70,
4,10,13,41,64,
6,15,20,54,62,
2,13,17,26,44,
2,8,19,41,70,
4,32,35,63,68,
4,13,16,46,49,
4,30,39,54,59,
5,30,37,62,64,
6,31,35,54,60,
2,11,15,26,40,
7,18,35,60,70,
1,12,36,45,54,
2,6,28,33,67,
2,5,40,45,54,
2,32,55,62,65,
8,36,39,67,70,
2,7,10,22,49,
2,8,32,61,67,
3,32,55,60,62,
4,20,32,37,61,
5,16,40,60,69,
6,20,21,36,39,
8,27,32,38,61,
4,12,43,49,66,
4,8,29,31,66,
8,11,32,64,69,
1,16,19,38,62,
6,19,35,64,68,
8,15,45,60,70,
2,22,32,37,61,
2,33,36,63,70,
2,22,28,63,67,
4,24,32,63,67,
4,6,38,50,67,
6,31,35,60,62,
6,12,25,33,64,
2,4,37,39,62,
5,8,11,36,66,
2,4,23,33,68,
7,24,26,37,62,
6,30,50,52,69,
5,19,40,48,60,
1,15,36,38,62,
4,13,32,63,68,
1,25,31,50,60,
3,19,35,40,50,
10,35,38,62,67,
2,8,32,35,67,
8,11,12,24,32,
4,6,25,60,66,
8,15,35,66,70,
10,27,38,48,69,
9,17,27,52,66,
2,18,32,61,69,
8,26,28,35,67,
2,4,37,60,67,
5,23,32,41,66,
5,36,55,62,70,
2,15,32,57,66,
4,35,52,57,68,
2,12,45,48,63,
2,6,25,30,39,
5,8,28,30,39,
7,28,35,40,48,
4,37,53,58,70,
2,6,39,60,67,
4,11,19,38,42,
1,16,19,48,64,
4,8,15,49,62,
4,23,32,62,67,
3,14,35,51,62,
2,32,35,63,70,
2,12,14,29,34,
1,31,36,66,70,
2,8,21,22,38,
8,32,39,56,61,
10,19,32,60,67,
4,12,40,49,61,
4,17,38,53,66,
2,11,40,49,60,
8,30,35,53,58,
3,23,32,45,56,
8,25,27,38,70,
1,7,38,62,66,
6,12,19,45,48,
5,23,32,60,70,
8,16,32,35,50,
5,7,12,40,68,
2,10,41,64,67,
3,8,28,30,33,
2,10,13,41,68,
4,40,49,50,58,
4,24,42,53,69,
4,18,41,45,70,
1,22,45,53,70,
3,12,43,60,70,
5,36,57,62,66,
6,36,53,61,66,
3,6,32,56,69,
4,30,53,59,64,
7,28,41,55,62,
2,4,42,56,67,
2,18,34,51,54,
3,6,36,51,68,
2,16,22,26,63,
7,17,48,60,64,
2,30,37,51,60,
8,12,19,45,68,
7,36,40,50,70,
3,26,32,40,44,
3,6,22,28,31,
7,16,40,49,62,
3,33,40,52,67,
4,39,56,59,64,
8,22,24,33,35,
10,16,33,39,60,
8,27,30,39,60,
1,13,16,30,60,
7,17,30,64,70,
4,5,22,46,66,
10,34,38,45,54,
2,23,28,32,61,
5,14,44,64,67,
1,11,36,64,68,
7,18,30,61,64,
4,33,55,66,70,
1,21,38,45,58,
1,15,38,62,70,
2,22,27,60,63,
2,5,19,40,66,
10,20,31,38,67,
2,5,31,46,66,
5,7,16,40,44,
3,8,28,32,35,
1,4,38,62,65,
4,13,15,40,44,
3,6,24,33,36,
1,31,36,52,54,
6,13,34,52,56,
6,20,38,61,65,
3,6,26,38,61,
2,10,16,33,61,
4,11,28,46,47,
6,28,47,50,54,
5,11,18,30,60,
4,8,19,48,61,
1,22,26,60,65,
3,14,16,49,64,
4,14,19,49,66,
4,23,36,66,69,
2,3,26,39,42,
4,23,35,66,70,
8,11,12,28,62,
4,5,18,53,56,
2,16,40,45,67,
5,12,40,48,69,
2,8,25,30,39,
6,25,27,32,68,
5,10,12,45,58,
5,37,52,62,68,
2,18,44,65,69,
2,5,18,53,58,
8,11,32,35,60,
2,6,13,45,48,
5,14,33,38,70,
6,13,26,35,68,
2,11,14,45,64,
6,31,33,56,68,
1,5,30,38,64,
10,27,36,48,49,
8,26,36,65,67,
2,15,18,44,47,
2,13,46,49,62,
1,4,12,33,68,
1,36,52,64,67,
8,21,33,51,68,
4,32,58,59,65,
6,16,44,49,69,
3,11,14,32,38,
8,13,33,38,62,
10,20,31,58,70,
7,18,32,38,61,
10,15,22,28,49,
6,13,24,32,58,
7,32,37,62,66,
2,6,35,56,69,
4,15,33,40,56,
7,16,18,32,61,
5,12,15,40,68,
6,13,49,68,70,
6,31,36,49,70,
5,8,35,38,66,
2,5,10,39,66,
5,10,13,48,62,
8,31,39,62,70,
1,35,38,60,68,
5,15,40,48,68,
6,13,24,41,51,
6,24,25,38,64,
7,14,16,41,60,
2,14,30,39,69,
5,8,32,53,66,
4,35,37,52,68,
6,26,30,41,64,
8,30,33,64,67,
2,15,42,56,58,
1,12,16,47,66,
4,7,20,37,44,
6,11,31,38,64,
2,18,21,33,67,
1,24,29,32,38,
2,33,36,59,68,
1,36,52,56,69,
2,25,28,37,66,
8,35,38,66,69,
8,31,39,64,68,
6,20,27,30,35,
5,23,32,62,68,
7,36,55,66,70,
4,31,46,54,62,
4,24,31,37,68,
1,4,39,54,64,
2,23,38,44,54,
4,35,37,52,70,
4,17,28,49,62,
2,8,25,27,38,
1,19,32,66,70,
6,26,34,45,68,
4,19,43,68,70,
1,7,30,38,70,
1,26,29,36,38,
9,13,23,56,60,
2,27,32,59,70,
8,11,31,64,66,
6,35,51,62,68,
6,30,53,58,69,
1,12,15,44,70,
8,39,52,61,64,
6,20,25,39,64,
4,16,35,37,60,
2,7,16,40,69,
9,10,20,28,66,
5,8,13,44,64,
6,27,29,32,36,
3,8,30,39,60,
6,35,51,60,62,
2,5,17,48,66,
5,10,12,32,61,
9,32,45,50,63,
3,4,6,12,48,
6,24,27,33,68,
6,28,56,62,69,
2,11,18,49,64,
4,20,24,40,61,
2,15,36,55,58,
10,15,30,39,62,
2,32,39,63,70,
7,28,42,65,68,
8,16,33,35,68,
2,15,43,64,68,
1,30,32,64,67,
5,12,14,49,62,
4,13,19,42,54,
1,24,26,30,33,
1,4,28,54,62,
10,15,24,27,38,
7,18,36,60,67,
7,36,43,54,60,
8,24,31,36,65,
4,17,19,30,60,
7,19,40,44,66,
9,19,33,40,56,
7,37,52,54,64,
9,38,44,55,65,
5,8,33,38,70,
1,28,33,68,70,
2,12,19,48,59,
5,40,49,62,64,
2,10,19,44,49,
5,36,38,56,59,
1,4,15,44,62,
1,24,27,36,62,
1,7,32,62,66,
1,4,36,60,67,
7,11,36,48,59,
10,21,38,45,60,
8,27,32,67,70,
1,36,38,62,69,
1,30,35,52,70,
1,20,32,39,68,
4,32,37,56,69,
1,4,30,38,69,
7,40,44,60,65,
8,30,35,60,69,
4,13,34,46,49,
8,32,51,56,61,
3,23,36,38,62,
6,41,44,60,69,
2,33,37,62,66,
8,13,15,44,68,
8,16,36,61,65,
3,8,20,27,52,
2,22,31,37,68,
8,44,53,56,64,
6,11,38,49,61,
1,12,28,34,53,
6,24,27,52,62,
8,33,52,58,67,
5,12,14,44,67,
8,25,33,36,62,
5,35,43,56,68,
5,19,21,42,68,
8,15,36,61,70,
4,8,41,49,60,
4,8,11,41,64,
7,12,22,28,43,
4,32,38,61,63,
5,20,24,46,51,
5,8,15,44,64,
3,8,16,19,38,
1,5,36,54,62,
1,2,16,22,38,
3,29,35,46,64,
1,19,22,30,47,
8,19,44,48,65,
4,8,16,33,35,
6,31,34,52,65,
10,19,44,49,64,
8,13,16,32,39,
2,15,18,38,67,
8,27,38,62,65,
3,4,28,43,52,
4,15,21,42,61,
6,11,33,47,70,
10,26,38,41,68,
8,19,31,38,62,
4,6,22,29,31,
7,23,32,60,66,
1,4,15,44,68,
8,20,22,30,51,
10,15,24,54,60,
4,23,32,35,54,
6,20,22,51,56,
2,6,31,66,69,
1,31,54,64,68,
4,26,33,41,46,
10,36,39,61,68,
9,39,46,56,65,
8,20,25,35,66,
6,32,51,54,65,
5,42,56,60,70,
2,8,36,61,67,
6,30,39,53,62,
4,22,31,37,60,
5,8,20,35,68,
5,19,26,40,54,
2,14,44,47,65,
8,36,53,58,67,
5,22,37,60,64,
7,10,12,48,69,
4,8,12,35,67,
4,7,40,48,65,
6,11,31,38,66,
3,12,40,49,68,
2,5,11,46,70,
8,31,38,64,67,
3,8,16,32,64,
5,6,44,52,68,
6,31,54,66,69,
8,12,15,44,61,
3,12,46,60,69,
2,10,44,47,69,
7,17,26,54,64,
1,13,30,32,68,
4,5,31,46,70,
7,18,26,35,56,
4,15,21,57,70,
2,12,37,53,70,
4,10,15,36,61,
7,17,32,68,70,
1,28,33,64,66,
7,42,47,60,66,
7,15,22,37,56,
1,21,32,49,62,
2,38,56,59,65,
2,7,24,32,37,
5,19,40,64,66,
1,12,19,36,66,
6,21,31,45,70,
4,7,19,40,68,
4,8,19,41,44,
4,10,45,49,66,
4,7,11,40,68,
8,24,35,38,58,
4,35,38,54,57,
1,2,12,32,67,
2,17,34,38,62,
2,13,43,48,70,
2,20,31,63,66,
4,6,36,65,67,
2,10,38,61,67,
8,30,33,58,65,
7,32,57,60,66,
4,6,36,39,67,
6,38,41,64,66,
3,8,32,39,60,
6,7,12,24,54,
4,12,15,44,63,
8,36,38,67,69,
8,12,25,33,38,
8,33,38,58,61,
8,25,26,36,66,
4,10,12,39,67,
10,16,32,35,67,
1,12,41,64,70,
4,6,41,45,62,
2,15,18,48,61,
1,24,28,35,38,
4,14,33,35,66,
2,28,35,37,62,
2,4,30,37,51,
1,15,32,66,70,
3,8,20,36,61,
1,16,31,36,70,
2,17,21,49,50,
8,30,32,36,61,
5,8,33,54,70,
4,11,40,49,60,
10,20,48,52,61,
6,19,28,36,41,
1,4,30,64,67,
6,35,56,60,65,
5,13,18,30,62,
3,7,10,20,36,
9,28,30,40,60,
8,19,38,52,67,
7,10,19,30,38,
7,38,45,46,58,
8,21,51,52,64,
4,36,53,63,66,
7,40,48,60,65,
6,35,52,56,67,
8,16,39,61,64,
10,24,45,60,62,
4,24,35,37,60,
10,21,31,32,60,
8,22,28,39,67,
8,30,38,51,69,
6,26,35,66,69,
8,22,28,35,65,
5,42,49,64,66,
2,8,33,34,49,
4,24,37,39,68,
1,5,12,44,62,
3,23,32,38,70,
10,20,36,61,70,
3,8,38,56,65,
4,7,10,16,39,
10,33,36,62,67,
4,6,31,33,62,
8,11,19,32,68,
7,37,54,60,70,
2,6,16,31,39,
8,27,30,52,56,
6,38,54,65,67,
8,31,56,60,65,
6,15,27,58,61,
1,13,48,60,66,
3,4,8,22,28,
3,13,21,32,42,
5,10,38,67,70,
2,30,38,57,61,
9,36,42,60,65,
4,8,25,39,62,
5,8,15,48,60,
6,33,36,53,70,
3,6,30,60,69,
3,8,36,52,69,
10,13,30,39,70,
4,7,18,41,44,
2,17,25,28,64,
1,13,32,62,66,
6,34,38,45,68,
7,17,30,41,60,
7,16,31,55,62,
8,20,25,58,60,
4,8,25,36,69,
1,7,26,28,30,
6,31,51,56,60,
8,19,35,60,66,
3,16,46,60,65,
3,16,23,35,52,
6,31,39,52,68,
6,25,28,39,70,
4,32,54,59,65,
5,8,30,60,65,
5,36,54,60,63,
6,15,50,51,64,
8,20,27,38,67,
7,36,55,58,60,
2,34,35,46,50,
1,27,30,36,68,
4,18,35,61,68,
8,24,32,33,65,
5,11,28,42,61,
2,23,28,61,64,
3,32,45,59,66,
8,13,44,60,69,
5,36,58,60,63,
1,12,47,64,68,
6,25,28,32,67,
5,20,22,37,66,
8,20,24,51,54,
4,6,22,39,67,
5,13,25,34,46,
2,34,36,43,54,
3,18,30,36,69,
8,26,30,39,65,
1,30,36,64,67,
2,4,35,55,68,
4,6,19,36,61,
8,19,21,50,65,
4,18,44,47,65,
9,14,22,26,28,
6,12,24,39,62,
1,28,30,33,68,
4,27,40,53,56,
4,32,57,67,70,
1,4,32,51,70,
6,15,41,60,66,
2,23,35,64,70,
5,16,32,44,46,
3,6,38,52,65,
4,36,59,61,68,
3,14,33,62,64,
6,32,39,53,68,
1,30,39,60,70,
5,37,54,64,70,
3,10,30,39,60,
1,16,30,32,60,
5,36,55,60,66,
6,12,15,44,69,
6,30,39,60,65,
4,14,33,39,68,
5,8,33,56,64,
3,17,26,35,62,
1,5,22,30,32,
7,10,13,44,70,
8,16,47,65,70,
7,36,52,57,66,
3,18,31,64,66,
5,14,33,66,70,
2,13,43,66,70,
8,15,30,35,66,
6,22,27,31,60,
7,12,40,67,70,
6,31,36,61,68,
5,22,36,38,63,
1,13,30,38,60,
4,37,54,62,69,
8,27,35,60,62,
2,23,33,36,62,
8,24,27,35,38,
2,14,31,33,68,
6,11,13,32,38,
3,15,23,54,60,
4,11,40,47,60,
6,13,45,64,66,
5,30,37,52,56,
1,13,16,44,64,
8,36,45,68,69,
2,19,38,63,70,
4,22,25,32,63,
6,11,30,60,65,
9,20,49,59,62,
1,19,30,62,64,
4,6,25,32,47,
4,12,18,21,39,
2,6,39,62,65,
5,40,45,60,62,
4,23,35,60,62,
10,13,38,62,69,
4,15,24,43,67,
5,10,12,32,67,
8,30,38,67,69,
2,3,26,27,42,
8,20,33,35,68,
1,5,32,36,66,
2,9,18,30,52,
2,4,17,39,70,
10,22,28,33,69,
5,8,16,24,32,
10,27,30,49,67,
6,15,47,62,64,
4,8,36,54,67,
4,22,25,38,63,
2,31,37,64,70,
8,31,39,62,64,
1,16,31,60,68,
6,44,52,53,62,
2,31,52,55,70,
2,8,33,39,68,
2,7,10,12,41,
2,14,19,32,67,
4,11,14,36,61,
4,7,32,57,68,
4,40,45,65,68,
6,11,12,38,51,
10,32,39,47,48,
8,16,41,60,65,
4,11,40,45,60,
8,15,39,48,61,
1,3,12,38,66,
2,36,51,55,66,
2,20,32,61,63,
4,8,33,56,69,
4,23,28,64,67,
2,14,34,45,48,
7,10,33,58,67,
6,30,33,64,69,
5,8,26,35,66,
10,28,34,47,70,
5,12,14,47,68,
6,13,19,30,32,
5,10,32,39,62,
2,7,25,46,64,
3,13,38,42,61,
4,10,15,44,61,
4,24,33,63,68,
1,20,33,36,70,
5,11,18,38,66,
1,3,20,36,64,
5,8,30,53,62,
2,30,38,59,61,
5,19,40,48,66,
2,33,37,62,70,
2,4,36,63,67,
8,29,45,58,69,
1,24,39,60,64,
4,6,12,19,41,
2,32,37,51,54,
8,11,15,48,64,
2,25,30,32,63,
8,13,16,39,68,
9,14,45,56,69,
8,26,29,32,67,
4,35,37,58,64,
3,12,40,64,69,
8,12,41,65,70,
2,17,32,54,68,
5,8,28,32,61,
3,18,20,51,61,
5,10,32,62,65,
2,25,33,55,62,
6,16,35,39,64,
1,4,13,44,66,
7,20,23,30,66,
4,5,16,26,59,
2,7,14,48,61,
5,22,28,32,63,
2,8,39,62,69,
2,4,35,54,63,
3,6,32,62,65,
2,8,11,35,68,
4,6,38,61,69,
4,7,11,18,48,
3,10,13,32,36,
4,16,33,37,70,
4,7,36,59,66,
8,28,39,61,66,
9,20,36,55,67,
6,38,50,51,58,
8,12,47,61,70,
8,15,39,64,66,
3,6,35,60,64,
1,3,32,38,70,
5,38,54,60,63,
2,15,43,64,66,
4,32,53,55,68,
3,12,14,35,68,
1,12,16,49,62,
5,18,44,65,68,
7,17,22,31,58,
2,6,39,61,68,
2,17,36,49,66,
2,13,43,48,68,
1,15,24,47,56,
8,30,33,64,69,
6,19,34,38,69,
4,35,55,68,70,
3,12,49,57,66,
4,6,32,67,69,
2,14,30,33,65,
5,10,16,32,39,
2,17,24,44,52,
5,8,24,39,62,
1,12,30,60,67,
6,33,45,64,70,
7,12,15,46,68,
5,15,46,62,70,
2,14,32,61,69,
1,22,36,60,69,
1,3,16,32,64,
10,15,36,58,68,
2,4,33,55,66,
5,40,49,60,66,
8,15,31,36,66,
2,18,49,65,70,
4,7,17,36,70,
5,15,44,46,68,
3,22,32,55,65,
8,28,50,58,65,
1,15,48,64,68,
1,4,32,65,70,
1,26,35,64,68,
3,6,20,36,61,
8,28,35,66,70,
2,6,38,49,61,
6,12,29,35,41,
4,21,22,46,60,
7,24,28,30,63,
2,19,34,57,67,
4,8,27,39,70,
2,4,37,51,54,
2,37,44,51,67,
7,23,36,58,61,
4,17,33,38,68,
5,20,38,44,55,
4,37,52,64,67,
4,14,16,45,47,
1,5,38,60,70,
3,6,24,26,33,
7,24,38,41,55,
4,14,19,36,67,
5,7,14,16,48,
7,10,30,36,44,
3,6,28,33,36,
2,8,31,38,67,
6,20,31,65,68,
2,16,26,40,61,
1,5,36,64,68,
3,28,33,42,60,
4,30,56,63,65,
9,16,40,51,65,
2,23,28,39,62,
6,26,30,33,67,
6,25,31,36,62,
4,14,39,61,66,
5,37,54,58,60,
5,17,32,62,70,
7,18,34,62,64,
6,15,41,48,60,
2,24,27,32,63,
2,6,39,51,62,
4,6,22,35,61,
8,26,32,61,69,
6,31,53,62,70,
6,15,50,52,54,
7,31,40,56,64,
8,32,35,56,69,
3,6,36,39,64,
7,12,14,38,61,
5,18,35,60,66,
7,10,19,44,60,
3,8,36,51,58,
2,7,14,45,66,
3,6,35,52,60,
2,31,38,59,62,
2,7,37,62,70,
4,10,45,60,67,
4,15,21,55,68,
7,12,14,30,48,
5,8,12,34,50,
2,19,43,62,70,
2,14,29,41,65,
1,24,32,39,68,
4,8,31,51,54,
9,20,31,42,61,
4,23,26,32,61,
6,30,38,51,69,
5,36,38,54,59,
1,7,36,38,62,
8,45,56,60,65,
2,6,15,41,44,
4,11,43,52,61,
1,7,38,66,70,
1,12,16,49,64,
4,7,19,40,66,
10,11,28,50,64,
10,13,30,33,66,
3,6,32,54,65,
8,29,32,35,66,
4,17,33,36,70,
8,26,33,39,68,
2,14,19,30,35,
6,30,51,56,65,
5,14,47,62,68,
2,18,44,49,65,
6,31,36,61,64,
2,8,39,67,70,
3,36,55,64,68,
10,25,35,36,60,
3,8,38,60,67,
5,8,19,28,44,
7,19,34,43,54,
1,26,29,36,62,
5,14,16,47,66,
1,7,30,64,70,
5,21,40,58,65,
4,10,16,45,67,
8,13,44,65,70,
5,14,35,60,66,
2,12,35,37,62,
2,5,10,13,44,
10,22,26,60,61,
4,23,38,45,56,
7,13,44,46,70,
9,19,44,57,64,
1,7,12,30,38,
8,36,51,67,70,
8,36,39,62,69,
6,12,16,33,35,
1,12,36,61,66,
6,11,15,36,62,
4,36,57,65,70,
1,27,49,54,66,
2,13,17,38,70,
6,24,31,32,50,
2,4,23,39,62,
2,14,47,62,65,
1,4,31,60,62,
8,26,31,35,68,
4,15,37,38,62,
4,7,16,38,63,
1,15,24,54,69,
5,8,32,51,70,
7,28,52,57,66,
4,15,24,37,60,
4,20,45,54,55,
1,24,32,35,64,
8,19,30,33,64,
6,31,39,56,62,
5,14,44,64,69,
4,8,11,38,69,
2,31,36,55,58,
7,19,46,50,61,
3,6,38,60,69,
6,27,29,36,70,
3,10,30,39,64,
1,26,32,60,67,
6,30,33,52,61,
6,22,26,39,69,
2,6,16,45,47,
1,32,58,66,69,
4,8,15,49,68,
4,23,29,32,36,
7,29,36,55,70,
9,15,44,55,60,
9,13,28,37,54,
3,8,13,48,60,
4,32,35,48,63,
3,8,26,38,67,
9,12,35,44,55,
5,36,41,59,66,
6,11,39,49,66,
2,6,39,67,70,
4,11,40,45,68,
4,8,11,15,32,
5,11,46,60,70,
7,19,44,46,60,
8,20,25,38,61,
10,19,38,58,68,
3,8,19,44,60,
8,38,51,54,65,
9,25,35,40,52,
8,31,36,66,69,
6,13,36,61,70,
2,10,16,47,67,
7,32,37,62,64,
5,18,33,38,66,
6,31,39,64,66,
1,4,20,35,48,
2,6,39,66,69,
6,25,33,49,54,
2,31,56,60,63,
5,21,31,42,54,
3,6,35,38,64,
8,38,52,67,69,
2,21,48,59,65,
1,4,11,44,60,
4,6,39,60,67,
2,10,30,61,69,
5,7,12,16,40,
1,19,36,62,70,
8,16,19,48,65,
7,30,36,59,62,
1,4,11,36,62,
6,19,41,64,68,
3,13,18,36,62,
4,35,40,69,70,
5,23,30,45,62,
5,8,12,45,66,
10,32,38,61,65,
7,20,46,69,70,
4,24,26,37,67,
1,5,20,36,62,
2,6,35,39,54,
4,15,48,63,70,
6,28,30,35,61,
3,13,18,32,62,
2,7,13,16,46,
5,8,13,30,60,
7,22,26,37,60,
5,38,54,57,66,
4,30,59,65,70,
4,11,25,38,59,
8,26,35,60,67,
3,20,47,58,63,
7,37,52,54,62,
8,11,19,44,64,
10,16,31,36,67,
2,32,37,62,67,
4,10,34,35,56,
6,28,30,31,48,
8,30,36,61,65,
5,8,36,62,67,
2,22,24,40,69,
7,10,26,30,35,
8,33,35,54,60,
3,6,28,31,36,
1,3,38,52,56,
6,11,25,52,69,
3,13,28,30,63,
6,39,53,66,70,
4,7,12,40,67,
7,10,25,53,68,
2,12,16,37,61,
2,17,33,62,70,
8,31,39,52,54,
8,16,41,64,69,
4,15,19,40,62,
6,24,35,38,67,
5,30,38,59,66,
2,10,15,47,70,
3,7,14,44,60,
1,20,36,67,70,
4,35,55,66,68,
6,11,13,36,38,
4,37,56,64,69,
1,22,27,36,38,
7,10,45,62,66,
3,8,26,30,33,
8,30,35,53,68,
4,12,18,47,67,
1,4,15,30,62,
6,11,31,36,64,
8,12,30,35,65,
7,14,45,48,62,
6,33,39,68,70,
1,35,58,60,64,
5,25,34,43,64,
4,24,28,35,63,
2,38,58,63,65,
5,17,48,51,66,
2,7,11,46,66,
6,30,39,62,65,
1,12,16,45,70,
5,7,40,48,62,
6,13,20,31,62,
4,6,36,61,69,
4,25,32,37,60,
3,8,36,58,69,
1,12,34,51,64,
8,24,45,51,67,
4,17,31,41,70,
3,8,32,39,68,
1,12,16,49,60,
4,30,33,55,70,
9,26,34,57,65,
4,24,26,37,66,
1,4,38,61,64,
4,32,50,63,68,
2,16,41,43,60,
6,22,27,35,68,
8,11,31,62,64,
8,12,21,26,30,
8,32,51,53,70,
3,20,24,38,63,
5,8,12,44,67,
1,35,54,60,64,
4,8,21,32,69,
10,15,24,32,58,
4,6,22,27,61,
2,6,12,19,41,
2,7,32,37,54,
5,36,40,56,66,
1,33,36,56,58,
4,16,45,46,65,
2,31,36,55,66,
8,26,30,33,67,
8,13,33,64,70,
5,12,14,44,53,
2,33,56,59,68,
8,19,33,66,68,
5,11,46,48,64,
2,8,13,49,62,
5,8,31,36,62,
1,5,28,30,62,
5,38,57,62,70,
2,11,17,32,60,
6,19,21,31,62,
4,12,46,61,67,
4,28,37,61,64,
2,8,20,39,67,
4,8,19,38,67,
4,11,18,33,64,
6,11,39,64,66,
2,10,32,41,47,
2,13,18,44,69,
7,10,36,39,68,
4,24,46,47,51,
2,5,16,18,49,
2,24,28,63,65,
1,35,38,64,68,
6,27,36,51,70,
4,10,44,49,69,
1,5,30,52,66,
3,6,20,33,64,
3,13,16,40,60,
2,10,35,64,67,
2,7,14,31,66,
2,33,56,63,68,
2,17,32,61,66,
6,7,15,32,54,
9,31,40,53,70,
1,16,27,52,61,
8,20,28,33,61,
8,13,45,62,68,
5,38,58,63,70,
3,8,20,25,32,
6,15,36,39,70,
4,10,13,44,69,
5,8,31,60,62,
7,12,30,37,66,
2,4,15,41,46,
4,13,29,43,56,
4,32,39,58,63,
8,12,47,61,68,
1,20,35,44,67,
7,29,40,50,69,
2,4,23,28,61,
6,22,31,60,65,
7,16,18,39,64,
3,18,30,38,69,
1,5,38,54,66,
9,19,29,32,42,
8,22,28,39,65,
7,16,40,60,69,
1,4,31,62,68,
5,8,25,36,70,
6,25,28,31,60,
4,37,39,64,66,
3,15,22,32,55,
8,32,51,53,68,
10,12,35,48,58,
3,6,28,31,62,
2,6,22,29,39,
2,26,55,65,68,
1,5,30,32,66,
2,10,33,61,68,
7,14,47,60,62,
2,8,25,32,61,
2,14,31,64,67,
2,4,37,65,68,
2,4,11,17,26,
4,35,38,59,68,
8,30,35,61,64,
10,19,41,64,68,
10,12,33,39,62,
8,35,44,49,52,
6,20,25,32,68,
6,19,33,62,66,
6,16,49,62,65,
3,6,31,56,60,
5,12,43,48,70,
4,21,39,59,66,
2,5,18,49,62,
6,15,30,45,67,
2,24,33,37,70,
2,32,37,66,69,
2,18,31,35,68,
4,16,33,37,66,
7,26,30,37,66,
8,27,32,39,68,
2,8,35,64,67,
7,32,56,59,62,
4,33,41,55,62,
3,12,19,40,66,
6,25,27,32,64,
4,15,43,48,66,
4,22,37,50,60,
2,8,26,39,61,
3,8,26,35,38,
1,20,38,62,69,
10,19,31,38,62,
2,36,59,62,69,
6,24,27,39,60,
2,18,49,61,70,
2,6,29,33,36,
7,10,44,47,70,
2,6,35,61,70,
6,19,45,64,66,
8,20,26,61,67,
4,17,32,38,67,
5,30,32,63,66,
2,33,44,46,58,
6,26,47,54,70,
3,8,32,38,69,
2,7,23,28,62,
2,19,37,48,67,
10,15,41,62,64,
5,30,36,57,66,
2,17,22,35,60,
2,37,54,56,65,
8,11,15,32,62,
5,26,37,66,70,
1,3,20,30,38,
2,11,16,46,49,
4,7,11,40,70,
3,18,32,66,69,
6,24,33,39,70,
4,17,47,62,64,
1,3,12,44,60,
2,6,15,47,48,
5,12,40,48,68,
4,10,19,32,67,
8,11,26,45,67,
10,19,47,62,66,
1,12,30,33,66,
8,12,35,51,66,
4,6,29,31,64,
1,22,31,38,68,
7,16,46,64,69,
7,16,18,36,67,
5,8,41,48,64,
1,36,56,65,70,
7,29,37,48,60,
2,5,38,63,70,
4,7,37,54,66,
4,17,30,35,70,
4,6,12,21,22,
5,20,26,37,68,
4,7,14,38,61,
8,32,53,64,67,
5,23,34,44,53,
5,8,38,62,69,
6,15,38,62,69,
2,5,37,52,62,
4,14,31,39,68,
4,6,31,38,61,
2,24,30,35,46,
9,10,20,49,64,
5,17,34,36,52,
4,12,47,48,63,
2,6,31,33,66,
4,8,11,33,66,
1,20,31,66,68,
7,34,40,54,60,
7,12,46,66,69,
2,6,13,30,56,
4,7,32,63,68,
10,15,45,48,68,
7,12,18,44,47,
6,19,28,33,44,
6,22,29,35,38,
7,10,39,60,70,
4,7,23,26,62,
4,12,15,43,48,
6,16,49,65,70,
3,6,31,64,66,
6,31,33,66,68,
6,15,21,31,54,
2,14,36,39,61,
2,30,37,65,70,
6,31,33,52,68,
1,32,36,52,61,
1,26,39,50,67,
4,19,43,62,64,
2,11,14,20,27,
2,16,30,39,63,
10,27,47,54,60,
7,14,49,60,70,
8,32,51,62,65,
7,38,57,64,68,
6,27,31,62,70,
4,23,25,38,68,
8,29,32,36,65,
4,20,26,37,67,
8,12,29,51,61,
6,38,51,62,67,
6,31,39,52,62,
4,14,45,64,67,
5,16,23,58,65,
5,15,18,30,38,
3,12,15,46,60,
10,26,45,48,51,
10,19,49,64,66,
5,8,35,38,68,
3,8,38,58,69,
1,34,36,52,68,
7,17,30,38,62,
8,24,25,60,64,
4,25,32,41,63,
7,18,30,38,69,
8,39,53,62,64,
6,13,44,47,60,
7,36,59,64,66,
2,7,30,37,56,
7,10,35,38,62,
3,8,38,51,64,
8,16,21,32,52,
6,21,34,49,65,
6,34,51,52,68,
1,13,29,38,66,
1,16,31,38,68,
4,17,45,62,70,
6,24,31,35,64,
4,12,21,59,67,
7,23,30,38,60,
1,7,32,66,70,
2,12,15,48,63,
4,8,11,47,64,
2,8,41,64,69,
6,11,19,32,62,
3,17,32,38,64,
4,39,55,62,64,
4,35,38,57,66,
2,18,32,39,61,
7,22,34,38,40,
8,36,53,65,68,
7,10,16,44,47,
3,6,19,48,64,
2,8,13,41,68,
6,32,35,65,70,
6,20,28,45,61,
1,13,16,48,64,
5,18,36,61,66,
2,35,40,66,70,
6,33,38,44,49,
5,8,24,39,68,
6,12,30,35,67,
6,30,33,38,54,
4,30,33,55,62,
4,20,29,37,68,
4,23,33,36,62,
4,6,30,35,65,
4,7,10,19,48,
7,22,32,63,70,
6,16,26,51,56,
2,31,57,62,68,
2,23,28,38,67,
1,33,38,52,54,
8,25,28,32,61,
4,6,26,61,65,
4,7,32,57,70,
3,10,13,30,60,
2,12,43,47,66,
10,13,30,65,68,
8,16,19,35,66,
6,24,27,35,70,
2,7,28,41,46,
4,20,47,57,70,
5,8,38,66,69,
8,32,36,53,61,
7,10,30,38,67,
5,17,30,58,69,
1,12,15,30,60,
9,23,36,49,70,
4,11,14,45,68,
4,32,55,62,67,
8,16,19,49,70,
3,18,33,38,62,
1,12,30,66,69,
4,7,36,55,66,
2,16,18,53,65,
10,15,38,50,66,
6,26,38,41,65,
8,16,33,36,69,
6,16,19,38,66,
8,33,49,56,67,
10,31,38,67,70,
4,12,14,31,67,
10,15,47,60,70,
6,30,32,65,67,
5,37,54,60,70,
10,19,33,64,66,
5,14,31,62,70,
4,6,15,49,66,
5,8,33,52,68,
5,23,45,58,66,
2,12,17,49,54,
4,6,13,44,49,
2,26,27,57,68,
2,6,27,35,66,
6,35,52,64,67,
1,7,12,30,32,
4,36,55,60,67,
2,4,39,55,66,
5,18,48,66,69,
1,32,35,62,66,
10,12,35,61,64,
2,19,32,37,68,
5,14,19,48,66,
4,8,26,29,39,
8,13,49,64,70,
4,32,37,51,56,
7,19,23,34,62,
7,10,15,30,32,
4,32,37,62,65,
8,16,33,62,65,
2,13,43,60,70,
4,29,32,42,65,
10,13,44,47,64,
8,41,48,64,69,
1,13,38,68,70,
8,29,33,51,66,
4,23,25,32,66,
8,12,24,39,68,
1,31,36,60,68,
10,29,31,41,52,
5,8,33,62,64,
1,3,20,38,66,
1,24,32,38,61,
6,13,36,60,67,
1,30,53,56,60,
1,12,30,32,67,
8,25,27,38,68,
2,13,22,31,42,
2,12,18,33,61,
1,19,38,64,66,
7,18,21,44,51,
3,6,30,51,64,
7,40,49,60,62,
7,22,47,57,70,
7,16,22,35,43,
5,10,24,28,44,
1,4,29,38,68,
5,14,44,47,70,
5,14,30,38,50,
6,13,49,64,70,
4,38,51,54,63,
4,6,32,35,67,
7,12,43,60,68,
2,35,59,62,68,
3,17,26,58,69,
2,4,23,27,62,
2,29,34,55,65,
2,35,37,54,70,
3,8,38,64,67,
3,6,33,38,70,
2,12,15,37,70,
5,14,25,56,65,
9,15,29,36,40,
8,11,36,65,68,
1,4,24,28,39,
8,38,54,65,70,
2,6,35,39,66,
2,4,29,38,63,
10,25,36,49,60,
8,13,44,61,64,
7,36,38,58,63,
1,7,38,68,70,
8,22,27,38,62,
8,41,47,52,60,
6,13,16,36,58,
1,4,35,60,62,
6,11,27,30,51,
7,19,40,64,66,
6,19,30,65,68,
6,13,19,36,70,
6,16,31,49,67,
4,7,22,37,66,
4,10,19,24,56,
2,7,30,32,63,
6,16,33,35,66,
4,9,12,20,23,
2,7,38,63,70,
2,7,39,40,56,
2,22,37,39,60,
4,28,33,34,55,
8,39,53,58,62,
8,31,36,61,70,
5,8,12,44,49,
9,10,32,36,51,
4,23,31,36,68,
6,11,15,36,70,
6,12,15,39,68,
3,7,40,64,66,
6,35,52,61,68,
2,5,17,30,66,
6,35,38,56,61,
6,12,19,45,62,
5,8,22,35,66,
6,16,21,35,65,
4,17,19,36,62,
1,36,53,64,70,
1,15,28,38,66,
8,11,44,47,64,
4,13,22,57,67,
3,13,42,51,62,
6,30,36,51,61,
4,14,31,61,70,
5,8,22,38,61,
8,20,31,45,54,
4,17,36,38,61,
4,39,52,55,70,
9,24,39,43,64,
3,12,37,60,62,
8,30,35,53,64,
4,6,25,33,66,
7,15,46,66,70,
2,36,56,63,65,
2,8,11,30,35,
2,8,13,15,44,
6,24,33,35,66,
2,6,29,36,61,
2,12,16,49,63,
6,20,27,38,67,
6,35,39,50,60,
2,15,32,37,58,
6,28,35,39,50,
4,17,20,24,50,
1,27,35,50,66,
6,30,39,51,70,
4,14,36,61,65,
8,31,33,62,66,
1,30,36,65,70,
2,13,16,32,63,
5,19,40,64,68,
8,33,36,53,58,
2,15,46,49,62,
10,11,30,36,38,
4,6,29,31,60,
4,17,36,49,58,
5,17,25,34,64,
3,32,37,52,64,
5,23,33,50,70,
3,12,40,60,65,
2,16,31,37,62,
4,34,46,49,65,
4,8,39,44,48,
7,40,47,60,66,
2,7,16,18,33,
6,24,32,35,69,
1,5,16,26,64,
1,3,26,36,66,
6,31,39,58,64,
2,10,19,45,70,
4,30,39,57,60,
3,6,31,36,70,
4,6,35,67,70,
2,12,16,33,63,
2,12,14,39,61,
4,12,43,45,68,
4,23,27,36,66,
6,38,53,56,65,
1,5,36,64,66,
2,6,39,54,67,
3,19,20,44,59,
1,12,35,60,70,
6,20,27,30,65,
5,12,43,48,66,
2,6,22,33,35,
9,19,42,51,68,
7,12,14,47,70,
2,5,11,18,48,
3,18,32,48,60,
4,13,18,47,68,
6,30,33,51,62,
4,32,37,67,70,
5,30,38,57,64,
2,3,28,40,69,
7,36,57,60,68,
4,38,57,65,70,
4,36,53,59,62,
2,8,16,19,45,
1,24,33,44,51,
10,19,45,64,66,
8,11,30,39,64,
7,15,16,28,42,
4,6,31,33,68,
10,19,44,64,69,
5,37,52,58,70,
4,11,25,36,59,
3,35,40,53,66,
4,8,27,62,65,
2,23,38,44,53,
7,30,48,57,65,
6,19,34,62,64,
3,10,24,45,51,
7,36,56,59,62,
7,10,12,41,44,
4,15,18,29,36,
6,7,36,54,62,
8,21,36,38,47,
3,38,59,64,66,
2,13,46,53,66,
7,12,17,32,66,
2,31,57,64,70,
5,8,33,52,66,
8,36,39,53,62,
4,13,16,46,65,
6,32,51,54,69,
8,30,51,66,69,
5,30,32,55,68,
3,23,38,51,66,
3,6,33,64,66,
5,8,32,38,67,
9,10,25,35,52,
8,34,53,60,70,
6,21,47,56,65,
1,4,12,41,64,
5,10,25,49,54,
4,8,12,41,47,
7,8,44,52,58,
2,6,20,35,61,
4,13,32,63,66,
6,20,27,35,68,
10,15,44,47,60,
1,4,31,38,70,
2,15,43,52,66,
1,22,32,38,69,
4,8,41,62,65,
5,38,57,64,68,
6,35,38,56,67,
10,12,31,39,68,
3,12,15,40,64,
4,11,43,48,64,
2,31,58,63,66,
5,22,30,49,63,
2,22,32,35,63,
4,6,31,38,67,
1,5,36,62,66,
4,13,18,33,66,
10,44,49,60,65,
2,12,16,35,37,
8,28,36,41,48,
5,8,30,53,60,
6,15,19,44,66,
1,20,35,52,56,
3,20,26,60,63,
4,33,57,62,64,
4,39,55,62,68,
3,6,24,28,35,
10,19,45,60,66,
6,31,36,50,70,
3,8,33,36,70,
4,30,53,55,68,
4,6,31,53,62,
2,8,16,33,65,
1,12,19,48,62,
6,20,29,64,69,
1,4,39,52,56,
2,11,13,46,68,
4,14,51,56,58,
8,27,35,66,70,
2,17,48,62,65,
4,18,47,65,70,
5,12,24,42,54,
2,13,18,41,62,
2,8,11,33,36,
3,6,32,39,70,
2,32,35,63,68,
3,8,16,32,35,
3,11,18,32,36,
3,6,38,65,70,
7,12,19,40,48,
1,25,28,38,62,
1,35,38,62,66,
2,8,13,45,66,
8,11,15,36,60,
7,8,20,33,34,
8,15,30,39,70,
4,24,27,63,66,
8,16,31,39,62,
8,12,20,21,34,
4,6,27,39,62,
5,11,40,44,64,
1,22,28,31,38,
6,11,35,52,67,
4,17,48,65,70,
2,13,16,46,61,
3,6,30,60,65,
7,32,38,63,66,
10,13,27,32,54,
9,14,27,33,70,
10,15,38,54,70,
3,7,14,38,62,
6,20,29,36,39,
2,26,37,62,65,
2,20,27,63,68,
8,16,49,65,70,
4,17,35,60,62,
1,24,26,39,62,
6,13,16,35,68,
4,14,22,45,48,
8,19,45,60,68,
4,8,32,53,61,
3,14,47,64,70,
4,30,36,57,65,
4,24,28,63,67,
2,4,11,12,37,
2,37,53,56,64,
8,32,39,58,61,
7,17,20,26,50,
2,31,55,58,66,
3,8,12,35,64,
8,11,35,38,68,
8,30,35,48,60,
5,32,37,66,70,
5,18,39,60,70,
1,7,30,64,66,
3,5,20,28,42,
1,31,38,54,66,
6,20,27,58,69,
3,12,15,40,44,
2,26,37,39,70,
7,12,41,46,64,
2,9,20,44,46,
4,6,20,33,61,
9,16,20,39,43,
3,10,31,36,64,
2,22,31,63,68,
3,6,32,38,67,
2,19,30,37,66,
4,18,33,61,68,
3,21,33,40,64,
1,3,32,64,70,
6,35,58,64,70,
6,33,45,58,61,
1,7,16,36,68,
6,12,45,66,69,
1,5,32,64,66,
10,19,47,64,66,
6,31,39,62,70,
6,38,48,54,65,
5,36,42,53,62,
2,5,10,44,65,
1,7,32,62,70,
3,8,24,28,35,
10,35,38,62,69,
2,7,36,55,62,
8,39,51,64,70,
1,19,26,32,50,
2,30,32,51,57,
4,16,17,34,64,
5,12,17,48,64,
1,32,51,54,62,
6,26,35,38,67,
8,15,38,56,58,
6,13,30,35,66,
5,8,44,62,65,
4,30,55,58,65,
4,28,37,67,70,
3,11,14,38,64,
6,30,35,64,69,
10,16,33,35,66,
7,10,19,38,68,
5,14,33,38,62,
6,12,44,49,69,
2,12,46,67,69,
6,36,39,61,68,
6,24,36,53,58,
4,7,10,30,33,
2,30,33,57,70,
8,16,19,47,60,
2,3,39,42,64,
1,4,39,62,68,
2,15,39,42,50,
4,10,38,61,67,
8,27,38,61,64,
6,31,36,51,62,
1,32,53,60,62,
8,12,45,48,67,
2,16,35,37,68,
1,3,20,36,62,
9,28,38,40,51,
4,6,35,53,58,
9,23,35,48,52,
2,12,17,45,66,
1,22,26,35,66,
2,25,34,49,55,
2,4,11,43,64,
4,24,52,54,57,
2,30,53,59,62,
6,25,28,35,66,
7,40,48,60,69,
3,8,32,62,69,
6,27,33,38,68,
1,15,24,48,65,
1,7,24,36,68,
1,32,35,62,68,
2,18,32,61,65,
8,12,35,48,65,
2,17,48,60,65,
10,38,51,58,69,
2,14,24,31,47,
7,28,59,60,62,
9,10,32,41,69,
4,10,45,61,70,
3,4,6,28,56,
7,12,18,44,61,
2,31,55,58,68,
6,31,33,58,70,
4,13,29,37,56,
1,29,36,50,69,
4,17,19,32,62,
5,32,38,50,63,
4,7,37,52,66,
8,20,29,36,39,
9,24,46,53,69,
4,26,32,37,67,
5,8,22,39,62,
1,4,38,66,69,
1,36,51,58,60,
10,12,16,34,45,
7,12,16,32,63,
1,5,32,68,70,
2,6,31,61,66,
8,24,36,45,53,
4,14,35,60,67,
4,13,46,54,69,
8,11,19,32,66,
8,24,31,60,65,
1,24,26,32,39,
2,19,43,64,66,
4,12,17,45,66,
1,15,36,60,66,
4,11,14,32,65,
4,8,32,61,65,
2,30,53,55,70,
9,37,48,52,69,
4,8,24,39,69,
1,4,12,30,33,
4,7,17,48,62,
8,29,31,38,70,
6,27,32,65,68,
4,11,22,33,63,
7,13,36,44,46,
5,8,27,36,68,
2,17,20,41,67,
10,33,36,61,68,
7,40,49,62,64,
3,6,39,56,64,
6,31,36,65,70,
4,8,27,30,35,
5,18,33,62,70,
5,8,33,38,68,
6,16,47,60,65,
10,15,47,62,64,
1,16,19,38,60,
3,14,16,39,60,
2,5,12,43,62,
3,8,35,38,66,
4,8,16,39,67,
4,32,57,64,67,
5,37,52,64,68,
5,17,48,60,70,
3,6,39,56,60,
1,12,16,47,68,
4,11,14,44,47,
3,8,22,26,31,
2,35,37,54,64,
4,26,37,65,70,
2,18,24,54,69,
2,8,44,47,65,
1,25,36,48,65,
3,32,52,55,64,
1,30,56,60,69,
5,6,22,60,68,
5,26,28,30,63,
1,36,51,56,68,
5,14,48,62,65,
2,26,40,45,61,
7,16,28,52,57,
3,8,33,54,64,
6,35,41,51,66,
4,8,29,36,61,
5,36,54,57,64,
8,22,27,30,33,
6,30,39,56,65,
8,13,32,65,70,
2,17,24,53,61,
4,18,54,60,61,
2,24,28,33,63,
7,21,32,56,63,
8,16,45,47,60,
2,5,14,47,62,
5,12,43,62,66,
10,11,26,56,60,
1,32,38,62,67,
2,36,53,57,70,
9,14,16,52,60,
6,39,53,64,66,
1,28,32,35,68,
3,8,30,35,64,
5,8,29,32,36,
4,11,18,33,68,
3,8,31,56,64,
2,16,17,52,70,
1,33,38,60,62,
8,15,49,60,62,
6,35,53,56,68,
2,7,40,67,70,
3,6,31,36,68,
4,35,37,56,60,
5,8,16,31,36,
4,30,32,53,57,
1,27,41,58,64,
2,30,33,55,66,
5,8,36,54,61,
3,37,52,60,64,
6,30,53,65,68,
4,13,46,61,68,
6,15,32,53,70,
5,7,16,46,64,
9,14,26,52,68,
4,19,40,49,68,
5,15,46,64,70,
4,7,10,45,62,
10,16,28,39,69,
5,8,39,62,70,
8,31,39,52,66,
6,35,53,58,60,
4,37,39,56,62,
2,23,28,39,68,
8,32,39,61,66,
8,27,29,32,38,
5,14,33,62,66,
2,4,24,37,67,
4,6,15,45,70,
8,15,38,60,67,
3,8,32,36,67,
8,19,44,47,70,
7,16,30,49,63,
10,21,33,45,56,
1,15,39,58,62,
6,31,36,61,66,
6,16,45,49,60,
6,39,58,60,67,
2,10,16,39,65,
3,6,22,31,36,
9,14,25,51,60,
7,21,36,50,63,
6,31,35,60,68,
10,13,31,38,68,
5,8,13,38,66,
10,11,26,28,45,
2,29,37,41,52,
2,37,39,56,58,
5,15,18,28,66,
6,15,48,65,68,
3,8,36,38,69,
1,30,32,52,65,
2,30,39,46,56,
2,18,35,56,70,
1,5,16,44,64,
6,30,51,53,62,
7,14,30,36,67,
7,22,24,38,63,
1,16,48,60,69,
2,5,32,63,66,
4,24,38,44,63,
5,12,19,40,44,
6,13,28,30,47,
7,17,38,50,67,
7,24,28,37,70,
7,18,47,62,70,
4,11,14,33,64,
1,31,36,62,68,
2,13,15,40,66,
7,10,30,39,62,
8,20,24,35,66,
4,11,40,60,65,
1,16,32,36,65,
3,6,38,53,62,
8,13,36,60,67,
1,31,36,52,68,
5,26,37,66,68,
5,18,19,32,62,
2,24,36,59,62,
5,40,50,64,66,
2,18,39,56,58,
6,9,13,20,26,
1,26,31,60,70,
2,8,39,53,70,
10,29,38,51,52,
2,7,43,66,68,
2,6,25,28,39,
3,10,19,36,38,
2,5,10,33,62,
10,15,34,52,56,
4,6,31,35,56,
4,8,22,39,65,
4,10,16,33,69,
6,32,38,61,67,
6,24,33,38,69,
4,13,23,58,61,
2,4,29,31,40,
6,12,35,51,70,
4,37,58,62,65,
10,19,32,62,69,
2,34,40,53,69,
4,6,39,62,67,
2,17,22,60,70,
2,6,15,44,69,
5,14,19,30,62,
2,7,40,48,69,
2,14,32,39,67,
4,13,18,48,67,
3,37,58,60,64,
5,38,52,55,70,
6,35,38,51,54,
6,31,36,51,54,
5,15,40,62,66,
2,17,29,31,62,
8,12,35,61,66,
5,38,52,59,70,
2,23,33,68,70,
4,8,29,32,65,
8,28,35,67,70,
8,16,41,60,69,
1,30,32,51,66,
6,27,30,39,64,
4,38,51,59,66,
3,10,33,36,62,
9,27,28,42,64,
5,8,31,60,70,
1,33,56,60,70,
2,13,16,40,65,
1,22,33,38,64,
8,15,35,50,60,
4,14,35,61,68,
3,19,40,60,64,
2,16,39,45,46,
2,14,31,65,68,
3,8,31,64,70,
1,16,45,64,66,
5,28,34,42,51,
2,18,48,65,67,
1,16,26,51,67,
1,7,30,38,68,
5,38,55,64,66,
4,10,38,41,70,
2,7,32,63,66,
10,13,35,38,62,
5,23,32,62,66,
1,3,20,28,32,
1,24,33,38,62,
2,17,24,27,36,
7,11,35,40,54,
2,23,38,66,69,
4,14,31,65,68,
3,18,27,31,54,
7,10,22,31,38,
7,23,28,38,68,
7,10,30,66,69,
6,29,32,39,70,
2,26,31,37,68,
6,35,38,62,67,
5,10,16,45,68,
8,16,19,33,62,
2,6,39,53,66,
5,7,18,44,68,
4,8,13,45,48,
4,11,14,49,60,
3,8,36,60,67,
5,34,37,52,60,
4,8,24,33,39,
5,8,30,39,68,
2,7,43,60,66,
8,13,15,30,64,
6,31,39,64,70,
2,8,41,47,70,
2,30,46,51,66,
1,22,28,36,65,
7,23,28,30,66,
3,13,37,44,52,
4,11,12,46,66,
2,30,52,63,67,
5,8,33,54,66,
8,25,28,38,67,
4,25,26,37,52,
9,12,41,55,64,
2,23,35,66,68,
3,20,32,40,68,
1,3,24,26,36,
6,12,16,33,67,
3,12,15,42,60,
2,9,42,62,64,
8,15,35,68,70,
6,13,35,38,62,
4,8,11,45,68,
9,12,47,59,70,
5,8,11,38,70,
5,8,30,61,64,
2,23,35,66,70,
5,14,32,39,50,
5,11,36,48,57,
1,4,30,35,54,
2,32,35,54,57,
7,12,25,34,59,
10,22,31,52,54,
2,20,37,39,68,
1,25,28,32,68,
4,7,19,46,58,
8,25,32,36,65,
6,26,39,47,68,
5,11,46,60,62,
7,40,47,60,70,
7,10,32,49,50,
8,13,15,48,68,
7,12,18,31,62,
4,8,19,38,61,
1,15,29,50,64,
1,20,22,54,64,
7,16,44,60,63,
6,27,41,54,69,
2,22,42,47,48,
5,38,52,54,63,
6,12,49,56,68,
2,22,23,28,44,
1,25,30,47,52,
3,6,32,35,68,
2,30,39,63,68,
4,32,37,51,62,
7,17,29,36,44,
3,23,38,51,68,
4,17,36,41,61,
5,8,15,48,64,
5,19,44,56,63,
3,12,40,48,65,
4,7,37,58,64,
4,7,33,34,42,
7,16,46,65,70,
2,8,11,19,30,
5,20,46,50,65,
8,16,22,26,47,
1,4,30,64,69,
4,16,40,49,67,
8,32,53,58,67,
5,24,26,37,52,
8,21,33,58,69,
2,15,46,61,66,
1,4,19,44,68,
1,7,30,32,62,
10,36,39,64,67,
3,6,33,38,68,
2,8,13,47,68,
5,8,32,62,67,
4,16,49,63,70,
2,17,35,38,70,
10,16,20,44,51,
2,6,41,49,68,
4,8,29,32,39,
8,13,49,60,66,
4,30,37,51,56,
2,8,19,33,56,
5,38,42,54,70,
3,12,40,60,69,
8,32,51,53,62,
4,12,41,42,66,
6,30,33,62,65,
1,3,36,38,60,
4,39,55,64,68,
4,6,31,67,70,
9,23,44,51,64,
8,12,16,41,49,
8,25,29,32,36,
2,35,37,62,66,
1,32,38,56,67,
5,20,32,63,68,
1,32,52,60,67,
4,16,40,62,65,
8,20,44,51,70,
3,14,16,31,38,
3,14,24,33,49,
2,23,32,67,70,
4,6,13,49,68,
8,30,33,51,62,
3,14,16,35,38,
2,8,41,44,65,
2,8,13,33,62,
5,12,17,32,62,
1,7,30,38,62,
4,8,30,35,69,
2,30,37,51,54,
4,17,47,60,62,
4,6,12,41,47,
7,36,57,60,66,
2,6,38,62,67,
10,13,31,38,62,
4,26,30,37,48,
7,25,33,46,56,
9,15,26,40,67,
8,15,24,26,48,
8,19,31,60,68,
6,7,19,54,64,
6,31,53,58,62,
10,30,32,65,69,
4,8,15,44,49,
1,7,30,60,68,
7,16,18,48,69,
4,6,7,34,62,
5,10,19,44,48,
6,35,38,67,70,
4,14,31,66,69,
9,16,18,32,52,
3,19,28,48,57,
1,20,24,33,36,
1,3,28,38,66,
5,14,16,47,70,
5,30,52,63,66,
4,28,41,59,67,
7,18,33,38,66,
1,32,38,48,66,
5,16,40,49,66,
2,17,35,60,70,
5,7,14,22,26,
5,10,12,50,53,
7,12,44,63,70,
3,18,49,60,66,
6,16,49,60,69,
5,11,24,57,64,
8,24,28,31,33,
8,12,39,44,70,
3,20,32,59,64,
4,37,39,60,70,
2,7,37,64,70,
1,5,24,32,66,
4,30,59,60,70,
8,12,41,45,64,
10,33,36,56,66,
5,8,24,47,60,
10,16,32,65,67,
5,23,26,30,66,
2,4,19,57,62,
1,31,44,50,65,
9,26,39,43,58,
5,38,55,60,68,
10,12,33,36,61,
8,31,53,64,66,
7,12,18,34,49,
4,10,13,30,56,
5,7,18,30,32,
1,12,47,60,70,
2,23,33,66,68,
8,11,15,30,38,
2,23,28,31,62,
1,4,24,54,64,
1,33,52,54,60,
3,32,38,59,62,
3,18,36,49,61,
2,35,56,59,62,
2,6,30,39,61,
8,12,19,48,65,
6,12,15,31,66,
5,14,19,26,54,
1,2,26,48,58,
1,4,33,56,70,
5,22,48,57,69,
1,4,29,38,60,
8,11,47,62,64,
1,28,36,65,70,
3,8,33,38,68,
4,23,39,62,64,
6,13,36,61,66,
8,32,39,53,66,
8,12,24,35,44,
3,6,26,60,65,
5,11,38,44,63,
2,5,40,62,69,
7,10,38,61,64,
6,13,22,31,67,
4,33,38,55,66,
6,30,39,51,68,
7,14,16,36,65,
8,27,31,62,70,
1,20,28,35,70,
4,12,14,49,67,
3,18,36,64,67,
8,30,35,51,66,
1,12,16,38,67,
9,18,38,52,54,
4,10,13,30,61,
5,10,15,48,70,
5,40,48,61,64,
4,13,16,46,61,
2,5,40,61,68,
1,20,29,38,64,
4,23,35,38,70,
6,26,35,39,68,
1,31,36,68,70,
4,8,16,19,49,
4,7,37,66,70,
4,17,31,56,61,
6,20,34,48,69,
2,6,15,36,61,
6,16,45,65,70,
3,8,28,31,36,
2,32,55,60,67,
1,32,36,54,67,
7,18,49,60,62,
4,5,16,40,70,
6,22,29,36,39,
6,39,54,64,67,
1,13,34,47,68,
3,5,40,62,64,
5,27,38,40,54,
1,4,16,31,60,
8,12,16,45,47,
4,35,55,62,68,
4,12,13,44,57,
3,6,28,35,70,
7,32,54,59,62,
6,24,33,36,61,
10,24,41,51,65,
1,4,26,39,70,
6,15,44,47,62,
10,31,35,64,70,
1,5,30,52,68,
4,8,19,49,66,
6,36,38,61,69,
2,10,22,24,35,
5,24,32,46,69,
8,30,53,58,65,
5,22,38,63,66,
2,10,19,41,44,
4,8,11,30,33,
5,14,48,65,68,
2,15,18,41,70,
2,7,18,44,65,
2,4,35,57,66,
4,16,37,65,68,
2,18,41,45,60,
7,10,22,24,32,
2,30,56,63,65,
3,8,12,16,49,
2,7,36,63,70,
1,12,49,50,64,
5,12,44,46,67,
1,22,32,36,61,
3,13,26,44,57,
4,39,57,62,70,
2,35,37,64,68,
4,19,50,59,60,
6,28,32,61,67,
2,36,38,55,67,
1,24,31,38,70,
2,4,19,37,70,
4,8,41,60,65,
3,12,29,46,65,
4,37,39,52,56,
2,18,19,34,45,
6,20,45,54,58,
1,31,58,60,68,
9,18,27,39,58,
4,35,56,59,64,
2,17,33,36,70,
5,13,16,46,64,
3,12,43,64,66,
7,15,18,38,70,
4,34,35,42,58,
2,17,19,48,66,
8,32,33,34,62,
10,15,30,32,65,
6,20,27,62,69,
10,12,41,47,70,
10,30,34,52,65,
3,8,32,61,64,
2,28,35,37,70,
8,16,31,35,66,
4,14,32,65,67,
5,10,15,30,36,
6,12,33,39,62,
2,5,36,63,66,
2,18,29,41,53,
7,22,49,59,66,
7,22,35,50,63,
10,30,33,62,65,
2,8,39,51,66,
8,22,24,36,51,
4,39,40,54,56,
1,19,45,50,68,
7,32,38,55,58,
5,8,39,64,66,
1,12,16,45,64,
4,19,38,63,68,
6,25,33,38,66,
9,35,46,52,61,
2,31,57,64,68,
3,19,44,57,60,
4,14,47,65,68,
5,24,28,32,43,
8,24,26,44,47,
5,37,52,56,70,
10,20,24,36,41,
5,10,16,35,70,
1,22,27,30,32,
8,22,26,33,35,
3,6,19,32,66,
1,12,15,44,60,
6,16,33,39,62,
10,15,32,66,69,
4,37,53,56,62,
6,30,36,67,69,
2,4,23,30,65,
1,20,24,33,38,
2,6,13,33,62,
6,12,34,47,68,
6,26,32,39,67,
2,6,16,41,47,
4,16,18,33,68,
1,15,30,64,68,
9,16,43,52,65,
6,41,45,60,62,
6,15,45,68,70,
3,6,22,33,36,
3,18,32,60,69,
5,8,30,36,67,
2,3,8,22,26,
4,8,19,45,68,
8,21,26,32,68,
7,13,44,46,66,
2,22,32,37,65,
4,17,31,44,67,
3,17,20,52,61,
8,35,38,49,58,
9,20,39,44,55,
4,13,24,46,54,
2,6,22,39,61,
4,29,32,63,66,
6,20,24,30,31,
8,31,39,64,66,
2,21,46,58,60,
1,15,35,48,50,
4,8,44,49,65,
7,13,34,43,70,
8,26,29,36,65,
1,4,12,16,49,
3,6,19,32,68,
2,16,31,41,59,
2,10,30,33,67,
4,24,27,37,70,
9,15,20,48,57,
4,30,38,55,67,
1,36,39,62,66,
3,8,31,36,56,
1,5,22,28,60,
4,6,25,30,33,
1,35,48,53,70,
1,22,26,32,39,
4,28,53,62,63,
1,4,33,36,56,
4,20,39,63,66,
2,10,24,48,69,
10,13,30,33,68,
1,28,35,64,70,
9,18,24,31,49,
6,22,28,35,49,
1,20,24,36,62,
8,11,36,39,68,
5,8,30,38,69,
10,13,41,64,68,
1,20,36,62,69,
2,5,37,62,68,
8,24,27,38,67,
1,12,45,64,70,
5,36,38,57,68,
8,20,36,50,61,
8,20,25,60,68,
2,20,37,39,62,
4,10,15,22,56,
2,25,32,37,66,
10,44,49,65,70,
6,15,38,61,70,
7,40,48,52,68,
8,16,19,39,64,
4,40,49,60,67,
2,8,33,48,62,
6,32,52,61,67,
2,8,16,47,65,
8,27,36,61,68,
5,30,38,59,70,
7,32,37,58,64,
1,35,38,54,58,
7,12,18,41,44,
7,19,34,59,70,
4,12,42,47,61,
4,14,19,47,66,
1,24,32,38,67,
1,4,35,66,70,
1,12,44,48,69,
1,32,38,53,62,
8,13,24,47,61,
5,8,12,38,61,
4,21,39,43,66,
4,36,39,59,66,
2,28,37,67,70,
1,7,30,36,56,
4,36,51,59,70,
4,7,36,56,63,
2,4,37,39,58,
5,24,26,37,66,
10,12,26,47,67,
4,38,44,55,58,
1,7,38,56,58,
2,7,32,57,62,
4,26,35,63,70,
4,13,16,46,67,
2,5,18,44,49,
2,15,40,48,65,
1,5,30,64,70,
6,11,30,53,65,
1,4,13,38,62,
7,40,48,64,67,
7,28,30,37,70,
6,25,33,38,64,
2,18,41,48,65,
7,19,24,48,57,
1,4,24,33,68,
3,6,26,39,62,
5,8,27,62,66,
8,31,38,62,67,
1,13,44,48,64,
6,29,36,64,69,
6,39,54,62,69,
8,24,33,38,61,
1,12,32,61,68,
2,6,35,53,56,
2,7,10,30,39,
2,23,38,61,70,
7,10,33,64,68,
2,11,14,49,62,
4,30,59,64,69,
6,22,24,31,33,
4,5,12,43,48,
1,2,15,36,62,
3,8,24,26,39,
6,13,36,61,64,
4,32,55,58,69,
5,8,44,60,67,
8,16,49,64,69,
5,20,32,37,62,
3,10,12,32,35,
8,19,47,62,64,
10,15,44,61,64,
4,30,37,62,69,
7,21,32,54,63,
2,32,37,62,69,
10,19,48,65,68,
8,16,32,35,47,
2,16,35,60,63,
3,10,15,36,38,
6,27,39,64,70,
1,16,36,38,67,
6,19,30,38,67,
4,30,32,61,63,
5,10,21,56,65,
6,35,51,62,70,
8,11,27,35,68,
3,8,28,39,70,
4,6,33,61,66,
2,30,39,52,63,
6,19,35,56,67,
3,18,36,66,69,
8,20,35,49,54,
1,4,15,32,62,
10,19,31,36,68,
6,31,35,66,68,
9,19,27,42,58,
3,12,18,32,61,
10,16,31,38,67,
6,28,34,47,53,
2,27,30,63,66,
2,24,40,47,54,
10,36,49,56,58,
8,15,33,62,68,
9,33,40,58,65,
1,29,36,51,66,
10,19,44,49,60,
1,32,36,54,69,
2,12,29,36,55,
2,30,52,57,67,
2,19,44,63,66,
3,6,36,58,69,
5,16,18,32,61,
8,31,36,44,49,
8,25,28,33,68,
4,36,55,62,69,
6,22,27,32,39,
8,20,27,61,68,
1,22,32,54,60,
2,6,31,61,68,
1,28,32,39,70,
4,17,32,54,70,
2,10,19,41,70,
10,29,38,64,66,
6,20,21,54,60,
4,30,39,63,68,
6,11,16,45,64,
4,38,54,59,69,
6,20,29,39,64,
6,28,39,67,70,
1,35,38,58,62,
2,33,55,60,68,
6,11,31,60,70,
1,15,30,38,66,
6,16,35,38,61,
6,26,30,47,68,
1,20,36,39,62,
2,4,25,37,70,
2,4,11,18,49,
2,17,33,66,68,
4,28,34,43,69,
3,15,36,43,56,
1,4,32,61,70,
3,8,22,32,39,
4,10,44,45,48,
3,10,12,48,65,
5,17,32,62,64,
6,11,16,36,39,
7,19,40,48,70,
1,36,39,66,70,
4,17,21,28,38,
3,26,47,59,68,
8,12,25,32,70,
6,16,24,32,47,
3,13,20,38,42,
2,8,24,35,67,
4,6,19,45,68,
2,11,32,37,68,
4,36,57,61,70,
2,5,12,46,67,
2,8,31,36,67,
4,18,30,33,61,
7,19,40,66,70,
5,10,45,68,70,
3,8,19,32,66,
6,32,51,62,65,
8,29,32,39,62,
2,29,36,43,60,
4,7,32,37,70,
5,19,25,42,50,
7,17,39,48,70,
8,11,13,44,60,
5,6,12,33,54,
2,13,32,37,70,
3,10,28,31,41,
2,22,33,37,60,
3,8,31,38,70,
1,36,51,66,68,
4,26,35,40,41,
4,12,46,61,65,
2,7,23,30,62,
6,26,31,35,66,
2,32,51,59,68,
2,15,48,60,63,
2,37,52,56,61,
4,7,19,40,70,
7,25,32,46,61,
6,26,29,33,68,
4,10,25,26,54,
9,12,25,46,53,
1,4,30,36,65,
1,20,41,53,68,
2,17,45,60,68,
4,36,46,67,70,
1,3,32,52,54,
6,13,29,39,50,
6,19,25,35,70,
6,16,31,39,70,
5,10,28,45,62,
2,25,30,38,63,
8,20,27,33,68,
6,16,22,27,28,
3,8,13,20,26,
2,31,36,56,63,
4,38,59,61,70,
3,6,26,31,66,
10,24,31,54,64,
5,10,33,36,66,
3,8,32,60,69,
5,13,29,46,68,
8,16,27,33,61,
7,10,12,27,48,
3,6,22,31,38,
5,8,22,24,35,
10,12,47,54,62,
4,8,13,45,70,
5,30,36,56,63,
2,24,33,37,62,
2,8,29,31,36,
8,20,24,31,67,
1,31,52,60,62,
4,16,46,65,69,
2,6,32,65,67,
8,13,49,62,70,
4,6,19,45,62,
8,33,36,61,70,
1,4,30,65,70,
5,8,35,64,68,
5,17,30,38,70,
4,6,33,65,68,
8,31,39,54,56,
6,15,45,66,68,
2,30,36,53,55,
5,14,25,39,58,
7,30,38,63,66,
10,13,47,62,66,
10,27,34,51,61,
2,18,35,65,70,
3,38,52,59,66,
5,40,49,62,68,
10,16,39,64,69,
2,6,27,29,60,
2,8,19,48,65,
1,4,35,64,66,
8,13,21,32,67,
8,24,27,36,69,
7,18,44,60,69,
7,14,16,33,66,
4,16,19,43,62,
4,6,19,41,70,
4,20,44,59,65,
1,31,38,56,64,
8,11,30,35,64,
6,28,39,65,70,
5,16,18,38,61,
3,6,26,27,64,
10,19,32,66,69,
2,10,19,45,62,
1,5,38,58,64,
6,25,36,39,62,
1,4,36,38,61,
2,4,35,55,58,
7,12,14,22,53,
8,15,24,48,52,
10,22,26,35,58,
3,14,20,32,70,
7,12,18,30,39,
2,4,30,33,63,
4,12,43,61,70,
2,10,19,39,68,
4,24,26,39,63,
5,8,24,29,36,
2,8,25,39,70,
8,11,25,39,64,
2,8,33,54,65,
2,17,25,51,68,
4,7,10,44,61,
2,15,24,43,67,
1,28,47,52,54,
2,25,32,33,40,
1,28,31,64,66,
8,11,13,30,38,
2,30,46,58,69,
2,8,19,27,34,
5,8,30,51,64,
7,30,55,60,62,
8,27,48,64,69,
5,17,21,32,48,
8,31,39,56,66,
8,20,35,61,66,
1,26,30,32,49,
4,29,45,57,70,
10,48,53,54,64,
2,12,23,30,54,
5,12,18,48,50,
1,3,28,32,66,
8,33,56,65,68,
1,25,30,53,64,
5,24,32,37,66,
7,30,36,57,60,
6,20,36,61,67,
2,11,44,46,69,
2,6,25,60,65,
2,17,45,62,70,
2,37,54,60,67,
8,12,29,35,36,
8,13,15,48,70,
10,44,47,65,68,
8,36,39,61,68,
5,8,31,64,70,
4,8,11,31,66,
6,28,44,47,50,
7,14,16,32,61,
7,32,38,55,62,
10,27,38,48,58,
2,13,18,41,60,
3,14,36,39,68,
3,19,43,52,62,
3,6,36,38,69,
7,32,57,62,70,
8,27,50,54,60,
5,14,36,38,61,
3,23,31,48,52,
4,8,15,36,67,
5,12,40,49,62,
5,8,30,35,54,
4,13,18,41,64,
4,32,51,56,63,
4,23,30,35,64,
5,8,25,32,64,
5,11,18,30,32,
6,22,27,39,62,
8,13,38,60,67,
9,24,33,40,53,
3,5,10,36,68,
8,16,33,36,44,
6,13,15,44,48,
2,24,26,39,63,
2,30,32,61,63,
8,41,45,60,62,
1,24,33,45,62,
2,4,23,36,67,
6,11,13,30,60,
10,15,47,62,68,
1,3,36,60,62,
8,39,51,54,66,
5,8,36,62,69,
4,18,31,61,66,
10,13,48,60,65,
5,14,49,64,70,
3,10,19,32,62,
3,6,20,28,35,
10,11,32,60,66,
3,7,12,14,30,
3,32,37,52,66,
6,24,27,33,62,
6,12,15,47,66,
5,8,22,25,32,
6,15,48,64,69,
8,13,45,48,70,
6,12,15,44,47,
3,8,28,36,65,
2,38,54,63,67,
3,10,15,38,60,
8,24,36,39,69,
4,37,39,62,70,
4,24,33,37,68,
2,7,22,38,63,
1,4,30,60,67,
1,4,33,36,70,
6,35,39,64,66,
5,23,32,62,64,
4,7,10,16,49,
7,23,38,62,68,
6,27,35,60,62,
1,4,13,44,70,
9,27,48,52,63,
2,6,19,33,62,
10,16,33,35,70,
4,8,11,35,68,
6,35,41,52,61,
4,20,39,55,70,
1,4,24,33,66,
4,35,59,64,66,
2,8,31,33,62,
2,15,24,40,44,
1,4,32,39,56,
7,30,37,52,64,
7,18,48,54,64,
3,4,10,20,48,
4,39,52,59,70,
2,6,30,51,53,
7,10,32,61,68,
4,37,39,52,58,
4,19,30,37,66,
6,25,30,51,65,
5,10,20,35,48,
4,18,49,65,68,
1,26,29,38,66,
2,5,38,63,66,
4,29,35,48,59,
2,35,38,57,66,
3,8,22,27,36,
8,32,39,61,70,
6,20,29,53,60,
3,38,46,48,64,
6,36,39,54,65,
3,12,18,35,68,
10,13,30,32,67,
9,18,31,47,62,
3,17,32,62,64,
5,36,52,63,66,
2,33,37,64,68,
10,22,28,30,49,
2,4,30,63,66,
4,10,20,29,31,
4,6,12,41,49,
10,19,50,64,68,
1,7,24,26,36,
4,40,50,62,69,
5,10,36,61,66,
5,12,25,48,55,
1,5,12,30,66,
6,12,16,39,61,
8,12,32,61,67,
5,18,44,62,69,
4,8,25,27,36,
3,16,18,39,64,
8,32,35,56,58,
5,32,46,53,62,
9,10,21,47,64,
2,14,47,62,67,
2,5,16,46,61,
10,20,47,51,66,
7,18,30,60,67,
8,15,49,68,70,
2,11,16,38,63,
3,12,16,32,63,
7,20,23,30,62,
4,23,36,38,67,
4,8,16,19,39,
4,7,14,36,61,
7,38,58,60,63,
4,6,35,61,70,
1,29,47,54,64,
4,32,37,54,61,
1,22,26,36,65,
6,36,38,65,67,
4,5,14,48,56,
6,12,49,56,70,
7,16,20,40,65,
3,26,35,57,62,
1,22,26,30,39,
6,31,56,60,67,
7,15,46,62,70,
2,6,11,35,68,
2,23,30,32,62,
2,14,30,32,61,
2,15,43,60,62,
8,15,41,64,68,
6,15,49,62,66,
2,8,36,51,67,
2,6,35,58,67,
2,16,49,60,63,
3,14,49,64,70,
3,26,39,40,67,
4,13,46,49,70,
5,36,54,59,62,
2,23,30,38,69,
3,17,38,60,66,
5,8,38,60,67,
4,33,34,42,47,
10,25,32,44,52,
8,12,47,48,56,
2,15,19,24,40,
1,11,28,51,62,
1,36,39,52,66,
1,31,52,56,64,
2,17,22,35,41,
2,11,18,41,64,
10,11,31,52,60,
3,16,18,38,69,
2,39,46,51,58,
6,35,38,52,61,
4,7,18,35,68,
2,8,11,33,66,
6,33,35,64,70,
2,11,15,46,64,
4,12,15,43,68,
4,8,16,45,47,
2,36,39,58,63,
5,26,37,68,70,
2,23,34,51,52,
2,17,41,64,66,
8,28,39,64,67,
3,12,37,49,56,
4,11,17,36,68,
5,14,45,66,68,
4,8,28,29,50,
5,14,16,35,38,
4,8,41,47,68,
5,34,36,43,60,
2,10,15,33,66,
1,4,33,62,66,
4,8,36,61,67,
1,4,30,53,64,
7,11,16,40,60,
1,33,54,60,66,
10,13,33,62,70,
1,35,38,60,66,
5,18,33,38,62,
4,7,12,44,63,
1,28,35,64,66,
8,28,33,67,70,
1,4,27,32,62,
3,12,40,47,70,
1,4,11,36,60,
5,41,46,60,64,
8,31,33,58,70,
1,4,19,44,62,
1,4,32,35,68,
1,36,52,66,69,
3,10,12,41,60,
1,12,33,64,70,
7,36,38,56,59,
8,15,32,65,70,
8,21,32,50,60,
4,11,18,47,68,
6,30,35,53,64,
10,13,45,64,68,
3,27,46,56,65,
3,18,47,60,62,
3,12,23,30,45,
7,36,42,45,66,
6,21,33,47,50,
1,26,29,38,62,
2,6,36,53,67,
5,30,38,55,66,
9,14,32,52,62,
7,16,18,47,64,
10,20,22,45,68,
10,19,39,64,70,
6,19,35,38,68,
4,7,30,59,70,
3,18,54,60,64,
4,30,35,52,63,
4,14,35,65,68,
5,15,18,48,70,
2,36,54,61,63,
5,28,30,63,66,
1,12,41,60,66,
6,19,32,67,70,
6,12,44,61,65,
2,6,11,33,62,
10,39,45,56,61,
6,22,25,32,35,
2,6,11,47,66,
7,10,16,47,64,
7,12,40,44,65,
2,8,31,61,64,
6,20,29,33,68,
2,32,57,61,68,
2,30,42,47,65,
4,16,20,37,49,
2,19,41,46,64,
2,30,57,64,67,
8,26,29,31,62,
7,22,38,42,70,
8,31,32,47,66,
3,8,22,28,31,
7,14,45,48,64,
4,10,33,49,58,
2,22,37,39,68,
8,41,49,60,62,
