1,10,19,44,56,
1,10,19,48,60,
1,10,19,50,54,
1,10,20,43,56,
1,10,20,51,54,
1,10,43,52,56,
1,10,44,49,56,
1,10,44,53,56,
1,11,20,52,56,
1,11,42,50,56,
1,12,20,44,53,
1,13,20,44,56,
1,13,20,54,60,
1,13,42,48,56,
1,13,42,54,60,
1,14,20,52,55,
1,19,42,44,60,
1,19,42,58,60,
1,19,48,50,52,
1,20,42,55,58,
1,20,44,49,56,
1,7,12,42,58,
1,7,20,50,58,
1,8,12,19,50,
1,8,12,42,49,
1,8,13,42,56,
1,8,19,50,60,
1,8,42,50,55,
1,8,42,51,60,
10,12,14,45,47,
10,12,14,45,59,
10,12,17,49,58,
10,12,41,48,55,
10,13,18,44,53,
10,13,20,41,48,
10,13,42,44,57,
10,13,42,54,57,
10,13,47,56,58,
10,14,17,50,53,
10,14,18,51,53,
10,15,19,48,52,
10,15,19,52,58,
10,15,42,44,55,
10,15,49,56,58,
10,17,19,42,54,
10,17,19,48,50,
10,17,19,50,58,
10,17,20,43,52,
10,17,20,51,58,
10,17,42,48,51,
10,17,42,49,58,
10,17,48,53,60,
10,18,43,45,52,
10,18,48,51,55,
10,18,49,51,58,
10,19,41,50,54,
10,19,41,52,54,
10,19,42,44,59,
10,19,46,48,55,
10,19,48,50,59,
10,20,41,51,54,
10,41,49,52,54,
10,44,49,56,59,
2,10,13,17,44,
2,10,14,45,47,
2,10,14,47,55,
2,10,15,44,51,
2,10,19,41,54,
2,10,41,44,51,
2,10,41,48,53,
2,11,18,49,56,
2,11,20,41,56,
2,11,42,50,57,
2,12,14,47,53,
2,12,15,44,55,
2,12,17,43,50,
2,12,20,43,57,
2,12,20,43,59,
2,12,41,49,54,
2,12,41,49,58,
2,13,15,44,56,
2,13,15,48,56,
2,13,18,45,58,
2,14,17,42,45,
2,14,19,42,59,
2,14,19,52,59,
2,14,20,51,59,
2,14,41,45,60,
2,14,41,53,60,
2,14,47,50,55,
2,15,20,49,54,
2,15,44,55,60,
2,17,19,42,54,
2,17,44,51,56,
2,17,48,51,56,
2,18,20,43,49,
2,18,43,49,60,
2,19,43,46,56,
2,19,44,46,53,
2,20,44,53,57,
2,20,49,54,59,
2,4,11,42,55,
2,4,19,43,52,
2,4,19,51,54,
2,4,19,51,58,
2,4,20,43,55,
2,5,14,19,42,
2,5,19,42,44,
2,5,19,48,50,
2,5,20,43,50,
2,6,11,19,52,
2,6,12,43,55,
2,6,19,48,51,
2,6,19,48,55,
2,6,19,49,54,
2,7,12,44,47,
2,7,12,44,57,
2,7,14,17,50,
2,7,14,18,51,
2,7,14,41,50,
2,7,15,48,52,
2,7,17,44,52,
2,7,18,45,58,
2,7,20,44,47,
2,7,41,48,60,
2,7,41,54,60,
2,8,17,19,42,
2,8,19,41,56,
2,8,19,42,59,
2,8,41,49,56,
2,9,12,14,45,
2,9,12,43,60,
2,9,13,20,44,
2,9,19,42,54,
2,9,19,44,52,
2,9,42,51,54,
2,9,43,50,56,
4,10,13,43,52,
4,10,13,44,53,
4,11,19,42,52,
4,11,20,42,49,
4,11,45,52,56,
4,12,44,51,55,
4,13,19,44,52,
4,13,19,48,60,
4,13,20,45,54,
4,13,43,50,56,
4,13,44,55,60,
4,13,45,48,52,
4,13,45,54,56,
4,14,19,42,49,
4,14,19,51,60,
4,14,19,53,60,
4,19,42,51,58,
4,19,42,53,58,
4,19,45,50,58,
4,20,49,51,54,
4,20,49,53,58,
4,7,12,20,43,
4,7,12,43,52,
4,7,19,48,56,
4,7,19,48,60,
4,7,19,52,58,
4,8,13,45,50,
4,8,19,51,56,
4,8,42,51,53,
5,10,13,44,50,
5,10,13,44,52,
5,10,20,43,56,
5,10,44,49,60,
5,12,42,53,58,
5,12,44,49,60,
5,13,20,44,56,
5,13,42,52,54,
5,14,45,50,60,
5,19,42,54,56,
5,19,44,56,60,
5,20,42,44,55,
5,20,42,48,51,
5,20,43,56,60,
5,7,12,44,52,
5,7,14,20,42,
5,7,20,42,54,
5,8,12,19,42,
5,8,12,45,52,
5,8,20,45,50,
5,8,20,49,56,
6,10,19,45,54,
6,11,19,42,56,
6,11,20,49,56,
6,11,42,50,53,
6,11,45,50,56,
6,12,19,45,58,
6,12,19,48,55,
6,12,43,45,56,
6,12,43,45,60,
6,12,43,50,53,
6,12,44,51,53,
6,12,45,48,55,
6,13,19,48,56,
6,13,19,48,60,
6,13,42,51,54,
6,13,44,50,55,
6,13,45,50,54,
6,14,19,42,53,
6,19,48,53,56,
6,8,13,42,53,
6,8,19,45,56,
6,8,19,49,56,
6,8,19,50,55,
6,8,20,45,51,
6,8,20,45,55,
7,10,15,44,60,
7,10,17,42,48,
7,10,17,44,50,
7,10,18,20,43,
7,10,20,41,48,
7,10,42,48,59,
7,12,14,46,53,
7,12,17,48,60,
7,12,18,44,53,
7,12,18,45,48,
7,12,18,48,55,
7,12,41,52,54,
7,12,42,47,58,
7,12,44,47,60,
7,13,18,48,52,
7,13,20,44,46,
7,13,46,48,52,
7,14,18,45,60,
7,14,19,46,60,
7,14,20,46,49,
7,14,20,47,56,
7,14,46,50,55,
7,14,46,52,55,
7,15,20,50,54,
7,15,42,52,58,
7,15,48,50,52,
7,17,42,44,60,
7,17,42,48,56,
7,17,42,58,60,
7,18,20,45,54,
7,18,42,45,58,
7,18,42,51,54,
7,18,48,53,56,
7,19,46,58,60,
7,41,50,52,58,
7,9,12,44,50,
7,9,20,44,52,
7,9,42,44,60,
8,10,13,20,47,
8,10,17,42,49,
8,10,42,45,59,
8,12,15,42,51,
8,12,17,51,60,
8,12,18,49,53,
8,12,18,51,55,
8,12,20,53,57,
8,13,42,50,59,
8,13,46,51,56,
8,13,46,55,60,
8,13,47,52,56,
8,13,47,56,60,
8,15,19,42,60,
8,15,45,50,60,
8,17,19,42,56,
8,17,20,53,56,
8,17,42,50,53,
8,18,45,51,56,
8,18,45,53,60,
8,19,42,47,56,
8,19,42,56,59,
8,19,50,52,57,
8,20,41,51,56,
8,20,42,53,59,
8,20,47,49,56,
8,20,47,53,60,
9,12,19,42,54,
9,12,42,44,53,
9,12,42,45,54,
9,12,42,48,55,
9,12,44,49,56,
9,13,20,50,54,
9,13,20,52,54,
9,13,42,50,58,
9,14,19,50,52,
9,14,20,45,56,
9,19,42,50,54,
9,19,42,52,58,
9,20,42,44,51,
9,20,43,50,60,
9,20,44,53,56,
9,42,44,51,60,
9,42,45,54,60,
1,10,19,44,51,
1,10,19,48,55,
1,10,20,43,51,
1,10,43,53,56,
1,10,44,53,55,
1,11,20,42,53,
1,11,20,49,56,
1,11,20,51,60,
1,12,19,44,49,
1,12,19,48,53,
1,12,19,51,54,
1,12,20,43,55,
1,12,45,49,58,
1,12,45,53,58,
1,13,43,56,60,
1,13,45,48,56,
1,14,19,42,53,
1,14,20,51,55,
1,14,45,50,55,
1,19,45,48,60,
1,19,48,50,55,
1,19,50,53,58,
1,20,43,50,55,
1,20,49,51,54,
1,7,12,44,51,
1,7,13,44,60,
1,7,14,19,52,
1,7,14,45,60,
1,7,19,42,54,
1,7,19,48,56,
1,7,20,45,48,
1,7,20,51,54,
1,8,12,45,55,
1,8,13,20,49,
1,8,13,45,60,
1,8,20,45,55,
1,8,20,49,51,
10,12,19,43,59,
10,12,43,49,57,
10,13,15,48,55,
10,13,17,48,51,
10,13,43,46,53,
10,13,43,46,55,
10,13,43,50,59,
10,14,45,49,57,
10,15,19,53,58,
10,15,20,43,45,
10,15,20,43,53,
10,17,20,43,45,
10,17,44,49,55,
10,19,41,45,54,
10,19,41,48,53,
10,19,45,47,58,
10,41,44,51,55,
10,41,49,55,58,
10,43,47,53,56,
2,10,17,43,55,
2,11,13,42,47,
2,11,13,46,49,
2,11,17,51,56,
2,11,20,53,59,
2,11,41,45,56,
2,13,17,43,50,
2,13,17,48,53,
2,13,17,51,58,
2,13,18,43,45,
2,13,19,41,58,
2,13,19,48,57,
2,13,20,43,59,
2,13,43,46,53,
2,13,43,52,57,
2,13,44,55,57,
2,13,47,53,58,
2,14,17,51,53,
2,14,47,51,55,
2,15,20,43,45,
2,15,20,43,55,
2,15,44,49,53,
2,17,19,43,56,
2,17,20,43,45,
2,17,43,53,56,
2,17,44,53,55,
2,18,43,45,51,
2,18,43,49,51,
2,19,41,44,53,
2,19,44,51,57,
2,20,43,47,55,
2,20,43,49,59,
2,20,43,53,59,
2,4,13,43,53,
2,5,13,44,53,
2,5,19,43,52,
2,5,19,48,55,
2,5,20,43,45,
2,7,12,41,43,
2,7,12,43,47,
2,7,13,18,43,
2,7,13,44,59,
2,7,14,45,47,
2,7,14,47,53,
2,7,15,44,51,
2,7,15,45,58,
2,7,17,48,51,
2,7,17,48,53,
2,7,18,43,55,
2,7,41,44,55,
2,8,19,41,49,
2,8,19,45,57,
2,8,41,49,55,
2,9,11,19,52,
2,9,11,42,51,
2,9,11,42,55,
2,9,13,19,48,
2,9,13,44,55,
2,9,14,19,53,
2,9,20,43,51,
2,9,43,49,52,
4,11,13,42,51,
4,11,13,45,50,
4,11,19,53,56,
4,13,20,43,51,
4,13,43,45,60,
4,13,43,53,56,
4,13,44,49,51,
4,13,45,48,55,
4,13,45,49,58,
4,19,48,51,55,
4,7,11,20,49,
4,7,12,43,49,
4,7,13,19,44,
4,7,20,43,53,
5,10,13,43,56,
5,10,14,45,55,
5,10,19,44,49,
5,10,19,49,58,
5,10,20,43,51,
5,11,19,52,60,
5,11,42,45,52,
5,11,45,50,52,
5,12,14,45,51,
5,12,45,48,51,
5,12,45,48,53,
5,13,19,52,54,
5,13,19,52,58,
5,13,20,44,55,
5,13,20,49,54,
5,13,20,51,58,
5,13,42,51,58,
5,13,42,55,58,
5,13,44,50,55,
5,13,44,51,56,
5,13,45,48,56,
5,14,19,51,56,
5,14,19,53,56,
5,14,20,45,53,
5,19,44,49,52,
5,19,48,53,56,
5,20,43,45,56,
5,20,43,50,53,
5,20,43,52,55,
5,7,11,20,42,
5,7,12,45,58,
5,7,13,42,54,
5,7,20,49,54,
5,7,20,51,54,
5,8,19,42,45,
5,8,19,42,51,
5,8,19,45,50,
6,11,13,45,60,
6,11,45,49,60,
6,13,19,43,50,
6,13,43,49,52,
6,13,45,48,51,
6,13,45,48,55,
6,13,45,49,54,
6,19,44,49,53,
6,19,49,55,58,
6,8,13,19,45,
6,8,19,45,51,
7,10,13,43,46,
7,10,14,41,55,
7,10,15,48,53,
7,10,15,48,55,
7,10,17,19,44,
7,10,17,44,51,
7,10,17,48,55,
7,10,17,51,58,
7,10,20,43,59,
7,10,41,43,60,
7,10,43,47,52,
7,10,43,56,59,
7,11,18,42,45,
7,11,20,46,55,
7,11,41,50,52,
7,11,42,52,59,
7,12,15,44,55,
7,12,17,48,53,
7,12,19,43,46,
7,12,19,44,47,
7,12,20,43,47,
7,12,41,43,56,
7,12,41,45,58,
7,12,41,48,51,
7,12,41,49,58,
7,12,41,51,54,
7,12,45,48,59,
7,13,15,48,50,
7,13,18,43,56,
7,13,42,54,59,
7,13,44,47,52,
7,13,44,57,60,
7,14,18,51,53,
7,14,19,52,59,
7,14,45,47,52,
7,14,47,50,53,
7,15,45,54,60,
7,15,48,50,53,
7,15,49,54,56,
7,17,19,42,44,
7,17,19,42,58,
7,17,19,44,52,
7,17,20,49,58,
7,17,42,48,55,
7,17,43,50,52,
7,17,44,55,60,
7,17,48,51,60,
7,17,49,52,54,
7,18,44,49,53,
7,18,45,51,54,
7,19,41,48,60,
7,19,44,50,57,
7,19,44,50,59,
7,19,46,55,58,
7,19,48,52,59,
7,20,41,44,53,
7,20,41,49,58,
7,20,43,47,56,
7,20,45,54,57,
7,20,47,51,58,
7,20,49,54,59,
7,41,49,54,60,
7,9,14,45,50,
7,9,19,48,52,
7,9,20,44,49,
7,9,42,48,55,
7,9,42,51,54,
7,9,43,56,60,
8,10,13,45,47,
8,10,13,47,51,
8,10,17,51,55,
8,10,19,41,45,
8,10,19,41,53,
8,10,19,53,59,
8,12,19,53,57,
8,12,41,49,51,
8,12,45,55,57,
8,13,17,49,60,
8,13,18,49,55,
8,13,19,46,55,
8,13,20,45,57,
8,13,20,47,49,
8,13,20,49,59,
8,13,45,47,56,
8,13,46,51,53,
8,15,19,50,55,
8,15,19,51,60,
8,15,20,49,51,
8,18,45,53,55,
8,19,42,49,59,
8,19,45,47,52,
8,19,46,51,53,
8,20,45,47,53,
8,20,47,53,55,
8,41,45,51,56,
8,41,49,53,60,
8,41,49,55,60,
8,42,49,51,57,
9,11,13,42,50,
9,11,19,50,56,
9,11,20,49,56,
9,11,42,53,56,
9,12,20,43,53,
9,12,45,48,55,
9,12,45,55,58,
9,13,20,45,58,
9,13,43,50,56,
9,13,44,50,55,
9,13,45,50,58,
9,14,20,53,55,
9,14,45,51,56,
9,19,43,52,60,
9,19,44,49,60,
9,20,43,49,56,
9,42,48,51,55,
9,42,48,53,55,
1,10,12,44,50,
1,10,42,48,52,
1,12,20,50,54,
1,12,42,52,54,
1,20,42,48,60,
10,12,15,42,44,
10,13,18,42,48,
10,13,18,44,60,
10,13,44,46,52,
10,14,18,51,60,
10,14,46,51,60,
10,15,42,52,54,
10,17,20,54,60,
10,17,42,44,56,
10,18,43,56,60,
10,18,48,53,56,
10,20,46,49,54,
10,41,50,54,56,
10,42,48,52,57,
2,10,14,18,45,
2,10,18,44,49,
2,10,20,44,47,
2,12,14,47,56,
2,12,15,42,58,
2,12,17,48,50,
2,12,17,50,58,
2,12,42,44,57,
2,13,18,48,56,
2,13,46,58,60,
2,14,17,50,52,
2,14,20,52,57,
2,14,41,50,52,
2,15,42,50,58,
2,18,20,45,48,
2,20,47,52,58,
2,5,12,42,44,
2,5,12,44,52,
2,6,12,43,60,
2,6,12,44,55,
2,6,14,19,50,
2,6,14,45,60,
2,6,19,50,58,
2,8,20,47,52,
2,8,20,47,60,
2,8,42,46,55,
2,9,12,44,56,
2,9,20,54,56,
4,11,20,52,56,
4,12,19,42,58,
4,12,19,48,50,
4,12,20,44,53,
4,12,20,51,54,
4,12,44,55,60,
4,12,45,52,58,
4,13,20,42,58,
4,14,19,52,56,
4,14,45,52,60,
4,19,44,50,56,
4,20,44,52,55,
4,8,12,42,55,
4,8,12,45,50,
4,8,42,51,56,
5,10,20,44,60,
5,20,44,50,56,
6,10,12,43,60,
6,10,12,44,49,
6,10,19,48,50,
6,12,42,45,54,
6,12,42,45,58,
6,12,43,50,60,
6,12,44,49,56,
6,19,42,44,56,
6,20,44,50,53,
6,8,12,45,50,
6,8,42,51,60,
7,10,14,20,46,
7,10,14,46,56,
7,10,20,46,58,
7,12,46,48,56,
7,18,44,56,60,
7,20,44,46,60,
8,10,12,20,47,
8,10,12,46,53,
8,10,13,46,56,
8,10,18,42,45,
8,10,20,42,57,
8,10,42,50,59,
8,12,18,42,55,
8,12,20,41,60,
8,13,18,50,56,
8,13,20,46,52,
8,17,42,52,60,
8,18,20,49,52,
8,18,20,52,55,
8,18,42,49,52,
8,20,42,46,51,
8,20,46,49,60,
9,12,42,44,60,
9,12,42,54,56,
1,10,43,49,51,
1,11,13,42,49,
1,11,13,42,51,
1,11,19,42,45,
1,11,19,49,60,
1,11,19,52,55,
1,12,43,45,51,
1,12,43,49,51,
1,13,44,53,55,
1,7,11,20,53,
1,7,13,44,51,
1,7,14,19,51,
1,8,13,45,53,
10,13,43,55,59,
10,19,41,43,53,
10,43,47,51,55,
2,11,13,47,51,
2,11,15,45,53,
2,11,17,49,51,
2,11,19,41,49,
2,11,45,51,57,
2,19,43,49,59,
2,19,43,53,57,
2,7,11,45,47,
2,9,19,43,49,
4,11,19,49,53,
4,13,19,43,45,
4,13,19,43,55,
4,13,43,45,53,
4,13,43,49,51,
4,13,43,53,55,
4,19,43,45,53,
4,7,19,43,55,
5,10,13,19,43,
5,11,19,49,56,
5,11,20,51,53,
5,11,45,55,60,
5,12,43,51,55,
5,13,19,44,51,
5,14,45,49,55,
5,7,11,20,49,
5,8,13,19,53,
6,13,19,43,49,
7,11,13,46,53,
7,11,20,47,51,
7,11,41,51,56,
7,11,42,45,59,
7,12,41,43,51,
7,13,15,45,54,
7,13,15,48,55,
7,13,19,41,58,
7,13,44,47,51,
7,13,47,49,58,
7,14,45,49,57,
7,14,45,53,59,
7,14,47,49,55,
7,14,47,51,53,
7,15,19,45,48,
7,15,19,48,53,
7,15,20,43,45,
7,15,45,49,54,
7,17,19,43,52,
7,17,43,55,60,
7,17,44,49,53,
7,17,44,51,55,
7,18,43,51,55,
7,41,44,51,55,
7,9,13,19,48,
7,9,13,44,49,
7,9,13,44,53,
7,9,20,43,45,
8,13,15,45,49,
8,13,15,49,55,
8,13,17,49,55,
8,13,19,41,45,
8,13,45,47,51,
8,13,45,47,53,
8,15,19,49,51,
8,19,41,45,55,
8,19,49,51,57,
9,11,13,45,50,
9,11,19,45,60,
9,11,19,49,52,
9,11,19,51,56,
9,11,19,52,55,
9,11,42,45,53,
9,11,45,49,56,
9,11,45,49,60,
9,11,45,53,60,
9,12,43,49,53,
9,13,19,43,52,
9,13,19,45,48,
9,13,19,49,54,
9,13,19,53,58,
9,14,19,45,53,
9,43,50,53,55,
1,10,15,19,43,
1,11,45,50,59,
1,12,19,43,47,
1,13,15,44,49,
1,13,17,51,58,
1,13,43,50,59,
1,13,44,53,59,
1,14,19,45,47,
1,14,41,49,53,
1,14,41,51,55,
1,19,49,54,59,
1,20,41,43,55,
1,5,14,45,53,
1,5,19,51,54,
1,7,17,48,55,
1,7,41,43,52,
1,7,41,55,58,
1,8,15,19,45,
1,9,19,44,51,
1,9,20,43,45,
1,9,20,43,55,
10,19,43,47,59,
2,11,15,49,57,
2,17,41,43,53,
2,7,11,17,41,
2,7,11,41,59,
2,7,41,43,59,
2,9,11,41,55,
4,11,41,49,51,
4,13,19,43,47,
4,13,19,43,57,
4,17,43,49,55,
4,7,11,41,53,
4,7,11,45,47,
5,10,17,43,55,
5,11,13,46,51,
5,11,20,41,51,
5,11,20,49,59,
5,11,41,45,60,
5,11,42,49,59,
5,12,19,43,57,
5,13,15,44,51,
5,13,17,48,51,
5,14,19,53,57,
5,17,43,55,60,
5,17,48,53,55,
5,20,43,49,59,
5,7,17,43,60,
5,7,18,43,53,
5,7,18,43,55,
5,7,41,48,55,
5,8,17,49,51,
5,8,41,45,51,
5,9,12,19,43,
5,9,14,45,49,
6,11,13,47,51,
6,13,19,41,43,
6,13,43,47,55,
6,15,19,43,45,
6,15,19,43,49,
6,19,43,45,57,
6,19,43,45,59,
6,9,13,43,49,
7,10,15,17,43,
7,11,17,46,51,
7,11,17,47,50,
7,11,41,52,57,
7,13,17,41,54,
7,13,18,43,47,
7,14,17,41,45,
7,14,41,47,55,
7,15,41,53,58,
7,15,44,47,51,
7,15,44,51,59,
7,15,44,53,57,
7,9,11,15,42,
7,9,11,41,60,
7,9,11,42,47,
8,15,19,51,57,
8,15,45,49,59,
8,17,47,49,53,
8,17,47,49,55,
9,11,20,45,47,
9,12,19,43,47,
9,13,17,44,49,
9,13,17,48,53,
9,13,17,51,54,
9,13,18,43,51,
9,13,44,47,51,
9,13,45,54,59,
9,14,41,51,55,
9,17,20,43,53,
9,17,20,43,55,
9,17,43,51,56,
9,19,44,53,57,
9,20,43,47,53,
9,41,43,51,60,
1,10,18,52,54,
1,10,44,46,60,
1,12,44,46,56,
1,18,20,42,54,
1,6,12,44,60,
1,8,18,42,50,
10,12,18,48,59,
10,14,18,41,60,
10,18,42,54,59,
2,10,44,46,59,
2,12,17,44,46,
2,14,20,46,59,
2,14,46,50,59,
2,15,18,50,58,
2,15,18,52,54,
2,17,42,46,54,
2,18,44,46,51,
2,18,47,54,56,
2,20,44,46,59,
2,20,46,54,59,
2,4,13,44,46,
2,4,13,46,54,
2,4,14,20,41,
2,4,17,44,56,
2,4,18,51,54,
2,5,18,44,50,
2,6,14,20,41,
2,6,17,44,60,
2,8,12,17,46,
2,8,17,46,56,
4,10,41,56,58,
4,10,43,46,52,
4,12,17,42,54,
4,13,42,46,58,
4,13,46,52,54,
4,14,19,46,56,
4,14,47,52,60,
4,15,42,50,58,
4,15,44,50,56,
4,15,48,50,56,
4,15,48,52,56,
4,17,42,50,54,
4,17,50,52,58,
4,17,50,56,58,
4,18,20,43,52,
4,20,43,46,56,
4,20,47,50,58,
4,6,11,20,42,
4,6,13,42,48,
4,8,12,18,51,
4,8,13,20,46,
4,8,13,46,50,
4,8,17,50,60,
4,8,18,45,56,
4,9,42,48,56,
5,12,18,44,50,
5,18,42,48,52,
5,18,48,50,56,
5,8,12,18,52,
6,10,13,44,46,
6,10,15,42,48,
6,10,18,43,52,
6,10,18,44,49,
6,10,43,46,60,
6,13,18,48,60,
6,13,42,46,58,
6,14,20,47,60,
6,14,20,52,59,
6,17,44,50,60,
6,17,48,50,56,
6,18,42,44,55,
6,18,42,55,58,
6,18,49,52,54,
6,20,43,46,52,
6,20,44,52,59,
6,20,44,56,59,
6,20,50,54,57,
6,8,12,41,60,
6,8,13,18,52,
6,8,18,51,60,
6,8,20,41,52,
6,8,20,46,51,
8,10,12,17,46,
8,10,15,18,42,
8,10,20,46,59,
8,12,15,42,46,
8,17,42,46,56,
8,17,42,46,60,
8,18,20,52,57,
8,18,41,50,56,
8,18,41,52,60,
8,41,46,52,56,
9,12,18,50,58,
9,12,46,56,58,
9,14,18,42,50,
9,18,50,52,54,
9,20,44,46,60,
9,20,46,52,54,
1,10,12,14,47,
1,10,12,44,57,
1,10,14,47,60,
1,10,15,20,54,
1,10,15,44,52,
1,10,15,48,60,
1,10,20,41,48,
1,12,14,46,51,
1,12,18,43,50,
1,12,44,47,52,
1,13,18,42,44,
1,13,18,48,56,
1,13,18,52,54,
1,13,20,44,46,
1,14,17,50,52,
1,14,18,49,56,
1,14,20,41,56,
1,14,20,50,59,
1,15,42,50,58,
1,15,44,56,60,
1,17,50,58,60,
1,18,42,44,51,
1,18,42,44,55,
1,18,45,48,60,
1,19,44,46,52,
1,19,44,46,60,
1,20,43,46,52,
1,20,44,46,51,
1,4,13,20,44,
1,4,19,42,54,
1,4,19,48,50,
1,4,20,43,56,
1,6,11,20,52,
1,6,12,20,43,
1,6,19,52,54,
1,6,20,45,58,
1,6,20,51,54,
1,7,18,50,58,
1,8,17,50,52,
1,8,20,42,47,
1,8,20,46,51,
1,8,20,52,59,
1,8,41,52,60,
1,9,42,54,56,
10,12,17,48,59,
10,13,18,43,46,
10,13,18,44,47,
10,13,44,46,59,
10,14,18,51,59,
10,14,41,57,60,
10,14,46,51,57,
10,15,17,42,44,
10,15,44,47,52,
10,15,44,50,59,
10,17,19,46,58,
10,17,41,50,54,
10,18,41,43,56,
10,18,41,43,60,
10,18,43,46,55,
10,18,44,53,57,
10,18,47,55,58,
10,19,46,54,57,
10,41,46,55,58,
10,41,47,52,54,
10,41,50,54,59,
10,42,48,57,59,
2,10,17,41,58,
2,12,14,41,59,
2,12,17,44,59,
2,12,18,43,57,
2,13,18,43,46,
2,13,18,44,57,
2,13,18,44,59,
2,13,46,48,59,
2,15,18,51,54,
2,15,41,44,52,
2,15,41,54,60,
2,17,41,48,56,
2,17,44,46,53,
2,17,44,46,55,
2,17,44,50,57,
2,17,46,55,58,
2,17,47,54,56,
2,17,48,52,59,
2,18,45,48,57,
2,19,44,46,57,
2,4,11,13,46,
2,4,13,47,54,
2,4,14,19,41,
2,4,14,41,45,
2,4,15,44,51,
2,4,18,43,45,
2,4,19,41,58,
2,5,12,15,44,
2,5,13,18,44,
2,5,13,44,46,
2,5,14,18,51,
2,5,14,46,51,
2,5,15,44,52,
2,5,17,44,56,
2,5,17,48,56,
2,6,11,41,50,
2,7,15,44,46,
2,8,13,18,47,
2,8,17,50,59,
2,8,18,45,47,
2,8,18,47,53,
2,8,41,47,52,
2,8,41,57,60,
2,9,14,20,47,
2,9,15,48,50,
2,9,17,44,52,
2,9,18,49,58,
2,9,20,54,59,
2,9,42,44,59,
2,9,42,48,57,
4,10,15,48,51,
4,10,15,48,53,
4,10,17,43,52,
4,10,19,48,59,
4,10,41,49,54,
4,11,13,46,56,
4,11,15,42,50,
4,11,18,45,50,
4,11,41,50,52,
4,12,14,41,49,
4,12,15,44,53,
4,12,19,44,57,
4,12,19,44,59,
4,12,41,44,55,
4,12,41,55,58,
4,12,43,46,51,
4,12,45,48,59,
4,14,19,52,59,
4,14,47,51,60,
4,15,19,44,60,
4,15,45,50,54,
4,15,45,52,58,
4,15,48,51,60,
4,17,43,52,60,
4,19,41,48,52,
4,19,41,50,58,
4,19,42,44,59,
4,19,48,50,59,
4,20,41,44,53,
4,20,43,46,51,
4,6,13,43,56,
4,6,13,44,51,
4,6,13,44,53,
4,6,13,44,55,
4,6,20,43,49,
4,7,11,18,42,
4,7,12,44,47,
4,7,13,44,46,
4,7,14,18,49,
4,7,17,20,54,
4,7,18,44,55,
4,7,19,46,54,
4,7,20,44,59,
4,7,41,50,54,
4,8,13,46,55,
4,8,18,45,53,
4,8,19,41,50,
4,8,19,42,59,
4,8,20,41,55,
4,8,20,45,47,
4,9,11,20,50,
4,9,12,14,45,
4,9,12,44,51,
4,9,13,20,44,
4,9,19,44,60,
4,9,19,50,54,
4,9,42,44,51,
4,9,42,45,54,
4,9,42,49,54,
5,10,12,18,43,
5,10,13,46,54,
5,10,19,46,58,
5,10,20,44,57,
5,10,20,54,59,
5,10,44,52,57,
5,12,14,47,60,
5,12,18,45,48,
5,12,20,41,44,
5,12,41,54,56,
5,12,41,56,58,
5,12,44,50,57,
5,13,42,46,58,
5,14,20,42,59,
5,14,20,50,57,
5,15,20,42,44,
5,15,20,44,50,
5,15,42,44,60,
5,15,44,50,60,
5,17,20,42,58,
5,17,20,50,58,
5,18,48,51,56,
5,19,46,50,54,
5,19,46,52,54,
5,20,41,44,60,
5,20,41,54,56,
5,7,14,20,46,
5,7,14,46,50,
5,8,15,42,52,
5,8,18,20,49,
5,8,42,57,60,
5,9,20,44,56,
5,9,42,44,52,
6,10,13,47,58,
6,10,41,45,58,
6,10,41,55,58,
6,11,13,46,56,
6,11,18,49,60,
6,11,42,52,59,
6,12,15,44,51,
6,12,17,43,60,
6,12,19,44,47,
6,12,19,44,57,
6,12,43,47,56,
6,12,44,53,59,
6,13,20,47,54,
6,13,46,49,58,
6,14,19,46,49,
6,14,19,46,53,
6,14,20,41,53,
6,14,20,45,57,
6,14,45,50,59,
6,15,19,42,54,
6,15,19,44,56,
6,15,42,55,58,
6,17,20,44,49,
6,17,20,45,48,
6,17,48,51,56,
6,18,44,49,55,
6,18,45,55,58,
6,19,41,48,56,
6,19,42,44,57,
6,19,44,50,59,
6,20,43,56,59,
6,20,45,54,57,
6,8,15,42,53,
6,8,18,51,55,
6,8,42,45,57,
6,8,42,47,53,
6,8,42,55,59,
6,9,14,45,56,
7,10,17,46,48,
7,12,18,44,59,
7,15,20,46,58,
7,15,46,54,56,
7,18,20,44,59,
7,18,47,58,60,
7,20,46,48,57,
7,9,14,20,46,
7,9,18,42,54,
8,10,15,20,47,
8,10,15,46,49,
8,10,15,47,50,
8,10,15,47,52,
8,10,17,42,59,
8,10,42,57,59,
8,12,15,47,60,
8,12,20,41,57,
8,13,15,46,56,
8,13,17,46,50,
8,13,17,46,52,
8,13,18,47,60,
8,15,18,42,45,
8,15,18,45,50,
8,15,20,42,47,
8,15,20,50,57,
8,15,42,47,52,
8,15,42,50,57,
8,15,42,50,59,
8,15,46,53,56,
8,17,20,42,59,
8,17,41,50,60,
8,17,42,47,52,
8,18,20,47,55,
8,18,41,45,52,
8,18,50,55,59,
8,19,46,52,59,
9,12,17,42,48,
9,12,41,52,54,
9,12,43,46,60,
9,12,44,57,60,
9,14,18,45,60,
9,14,46,51,56,
9,14,47,50,60,
9,15,20,54,56,
9,15,48,52,60,
9,17,20,44,56,
9,18,44,49,56,
9,18,49,52,58,
9,19,42,46,54,
9,19,46,54,60,
9,19,46,58,60,
9,20,41,52,58,
1,10,13,44,57,
1,10,15,48,55,
1,10,17,44,55,
1,10,44,47,51,
1,11,13,46,52,
1,11,20,47,56,
1,11,20,50,57,
1,11,42,46,51,
1,12,14,41,55,
1,12,14,45,57,
1,12,15,45,54,
1,12,15,49,58,
1,12,17,43,50,
1,12,19,44,47,
1,12,41,53,58,
1,12,43,57,60,
1,13,15,48,50,
1,13,17,48,52,
1,13,42,44,59,
1,14,19,42,47,
1,14,45,50,59,
1,15,20,44,55,
1,15,20,45,58,
1,15,42,44,55,
1,15,42,48,55,
1,15,45,56,58,
1,17,19,44,60,
1,17,42,55,58,
1,17,48,50,55,
1,19,42,54,59,
1,19,44,46,53,
1,4,12,43,51,
1,4,14,45,53,
1,4,19,48,55,
1,5,12,19,44,
1,5,19,42,58,
1,5,19,52,58,
1,6,13,44,53,
1,6,19,44,51,
1,6,20,43,49,
1,7,12,41,48,
1,7,14,41,56,
1,7,14,47,60,
1,7,17,44,60,
1,7,19,46,58,
1,7,20,44,47,
1,7,41,48,52,
1,8,12,19,41,
1,8,15,19,52,
1,8,15,42,55,
1,8,17,42,51,
1,8,18,51,53,
1,8,20,47,51,
1,8,41,51,56,
1,9,13,44,56,
1,9,14,20,51,
1,9,20,43,50,
1,9,20,45,58,
10,14,45,57,59,
10,14,47,49,57,
10,15,19,41,58,
10,15,20,43,47,
10,15,44,47,53,
10,15,44,55,59,
10,17,19,41,58,
10,17,41,43,60,
10,17,41,48,51,
10,17,41,51,54,
10,19,44,47,59,
10,20,41,43,59,
10,41,44,51,59,
10,43,46,55,59,
2,11,41,50,57,
2,13,17,44,47,
2,13,43,46,57,
2,15,18,43,49,
2,15,44,55,57,
2,15,47,55,58,
2,17,19,44,59,
2,17,43,57,60,
2,19,44,47,59,
2,20,43,47,57,
2,4,11,15,49,
2,5,11,17,50,
2,5,15,48,53,
2,5,17,43,60,
2,6,11,45,59,
2,6,17,43,55,
2,7,14,47,59,
2,7,15,44,57,
2,7,15,47,54,
2,8,13,17,47,
2,8,17,41,55,
2,9,17,49,58,
2,9,20,43,47,
4,10,13,17,43,
4,11,13,46,55,
4,11,18,51,53,
4,11,19,52,57,
4,11,20,53,59,
4,11,42,47,55,
4,11,45,52,57,
4,13,15,44,51,
4,13,17,43,50,
4,13,20,41,43,
4,13,43,52,57,
4,13,44,49,59,
4,13,45,47,54,
4,13,47,55,58,
4,14,45,49,57,
4,15,19,43,52,
4,17,44,49,53,
4,19,41,44,55,
4,19,41,55,58,
4,6,13,43,51,
4,7,11,13,46,
4,7,13,18,43,
4,7,15,48,53,
4,7,17,44,49,
4,7,17,51,54,
4,7,41,51,54,
4,8,13,19,41,
4,8,17,19,53,
4,9,11,19,50,
4,9,11,42,45,
4,9,13,19,44,
4,9,13,20,43,
4,9,13,45,54,
4,9,14,19,53,
4,9,19,45,48,
4,9,19,51,54,
5,10,12,43,59,
5,10,15,48,55,
5,10,17,19,48,
5,10,17,43,56,
5,10,17,44,49,
5,10,41,44,51,
5,11,18,42,51,
5,11,18,45,50,
5,11,18,51,60,
5,11,19,46,56,
5,11,20,41,52,
5,11,20,50,57,
5,11,42,47,60,
5,11,42,52,57,
5,12,14,41,51,
5,12,14,45,59,
5,12,17,48,51,
5,12,17,51,58,
5,12,19,41,54,
5,12,41,48,51,
5,12,43,46,53,
5,12,43,52,59,
5,13,15,48,52,
5,13,17,48,52,
5,13,18,44,49,
5,13,44,47,52,
5,14,19,41,52,
5,14,20,45,47,
5,14,20,49,57,
5,14,46,51,55,
5,15,19,50,54,
5,15,20,49,54,
5,15,42,48,51,
5,15,42,55,58,
5,17,49,56,58,
5,18,43,55,60,
5,19,44,57,60,
5,20,41,48,53,
5,20,41,48,55,
5,20,43,50,57,
5,20,44,51,57,
5,20,45,48,57,
5,7,12,43,46,
5,7,14,17,50,
5,7,18,44,55,
5,7,19,46,54,
5,7,20,41,58,
5,7,41,54,60,
5,7,41,58,60,
5,8,12,17,51,
5,8,12,41,45,
5,8,13,47,50,
5,8,13,47,52,
5,8,15,42,55,
5,8,17,20,49,
5,8,18,49,51,
5,8,19,50,59,
5,8,19,52,57,
5,8,20,45,47,
5,9,12,45,58,
5,9,19,42,58,
5,9,19,48,52,
5,9,19,48,56,
5,9,42,44,55,
6,10,43,47,53,
6,10,43,53,59,
6,10,43,55,59,
6,11,15,42,53,
6,11,17,49,56,
6,11,41,49,52,
6,13,17,51,58,
6,13,18,43,53,
6,14,19,53,57,
6,15,44,49,53,
6,17,43,49,60,
6,17,43,52,55,
6,19,48,51,59,
6,20,43,47,53,
6,20,43,51,59,
6,8,15,45,49,
6,8,19,51,59,
6,8,41,45,51,
6,8,41,45,53,
6,8,41,53,55,
6,9,20,43,53,
6,9,43,51,56,
7,10,18,43,59,
7,10,44,57,59,
7,11,18,41,52,
7,11,18,41,60,
7,11,18,47,50,
7,11,18,50,57,
7,12,15,47,58,
7,13,44,46,59,
7,14,17,42,57,
7,14,17,46,53,
7,14,18,49,59,
7,15,17,42,54,
7,15,42,47,54,
7,15,44,46,51,
7,15,44,50,57,
7,15,46,51,58,
7,17,41,54,60,
7,18,41,43,52,
7,18,41,51,54,
7,18,43,46,51,
7,18,43,46,53,
7,41,47,52,54,
7,41,47,58,60,
7,9,17,48,50,
7,9,18,44,51,
7,9,18,44,53,
7,9,41,58,60,
7,9,42,47,54,
7,9,43,46,56,
8,10,13,47,59,
8,10,41,45,57,
8,12,15,45,47,
8,12,19,41,57,
8,12,41,47,51,
8,13,15,42,59,
8,13,17,41,52,
8,13,17,42,47,
8,13,19,46,57,
8,13,19,46,59,
8,13,47,52,57,
8,15,17,50,53,
8,15,18,45,53,
8,15,20,41,51,
8,15,41,45,56,
8,15,42,49,59,
8,15,47,50,55,
8,41,47,55,60,
9,11,17,50,56,
9,11,20,47,56,
9,11,20,52,59,
9,11,41,50,60,
9,12,14,47,55,
9,12,17,43,60,
9,12,43,46,53,
9,12,44,53,57,
9,13,15,48,56,
9,13,46,49,58,
9,14,17,42,49,
9,14,19,50,57,
9,14,41,53,56,
9,14,41,53,60,
9,14,47,49,56,
9,14,47,55,60,
9,15,45,50,54,
9,15,48,50,55,
9,15,48,51,60,
9,17,19,44,56,
9,17,19,48,56,
9,17,43,50,52,
9,18,43,49,52,
9,18,48,51,53,
9,19,41,44,52,
9,19,44,46,55,
9,20,41,55,58,
9,20,45,54,59,
9,43,46,53,60,
1,10,12,41,51,
1,10,13,18,45,
1,10,20,47,51,
1,10,42,53,59,
1,12,17,42,53,
1,12,17,49,52,
1,12,41,45,52,
1,12,41,45,56,
1,12,42,53,59,
1,12,45,57,60,
1,12,46,51,55,
1,13,17,50,56,
1,13,18,42,45,
1,13,18,51,60,
1,13,19,42,46,
1,15,19,42,60,
1,15,19,52,56,
1,15,42,52,55,
1,15,45,50,56,
1,15,49,52,56,
1,17,20,42,55,
1,17,20,49,52,
1,18,20,49,53,
1,19,41,56,60,
1,20,47,51,60,
1,4,13,42,51,
1,4,13,42,55,
1,4,19,45,60,
1,4,19,53,56,
1,4,20,53,55,
1,5,12,19,50,
1,5,13,20,42,
1,5,13,42,50,
1,6,13,45,52,
1,6,13,45,56,
1,7,12,20,41,
1,7,18,42,51,
1,7,20,47,52,
1,9,12,45,50,
1,9,20,50,53,
1,9,20,53,56,
10,12,15,41,45,
10,12,17,41,55,
10,13,15,41,52,
10,13,46,49,59,
10,15,19,42,57,
10,15,20,53,57,
10,15,41,49,52,
10,15,41,53,56,
10,15,45,50,59,
10,17,20,53,57,
10,17,41,49,52,
10,17,41,52,55,
10,17,42,45,57,
10,17,46,49,53,
10,18,41,51,53,
10,18,47,51,55,
10,19,41,50,57,
10,19,41,52,59,
10,19,50,57,59,
10,20,41,47,51,
10,20,41,47,55,
10,20,47,49,57,
10,41,47,51,56,
2,10,13,15,41,
2,10,15,47,51,
2,10,41,45,57,
2,12,15,41,49,
2,12,17,49,57,
2,13,15,41,50,
2,13,15,42,59,
2,13,17,42,47,
2,13,18,47,53,
2,13,46,49,59,
2,15,17,51,56,
2,15,18,45,49,
2,15,18,51,53,
2,15,19,42,57,
2,15,20,41,49,
2,15,41,49,60,
2,15,41,53,56,
2,15,42,53,57,
2,15,42,53,59,
2,15,46,53,55,
2,17,19,41,50,
2,17,19,46,53,
2,17,20,47,49,
2,17,20,51,57,
2,17,41,51,56,
2,17,42,47,55,
2,17,42,49,57,
2,17,46,53,55,
2,18,47,49,53,
2,18,49,51,59,
2,19,41,47,52,
2,19,46,51,59,
2,19,46,55,57,
2,20,47,55,57,
2,4,13,19,41,
2,4,17,49,51,
2,4,19,41,55,
2,4,19,45,47,
2,5,15,45,52,
2,5,15,45,56,
2,5,18,45,55,
2,5,20,41,49,
2,5,20,45,57,
2,5,20,49,59,
2,6,19,41,49,
2,6,19,41,51,
2,7,15,41,52,
2,7,17,46,51,
2,7,18,47,55,
2,7,41,47,60,
2,9,13,20,41,
2,9,15,20,53,
2,9,15,45,60,
2,9,17,20,49,
2,9,17,42,45,
2,9,19,46,53,
2,9,20,41,51,
2,9,20,45,47,
2,9,41,51,60,
2,9,41,52,55,
4,10,41,53,55,
4,12,17,49,51,
4,12,19,41,55,
4,12,41,51,53,
4,12,45,53,59,
4,13,17,50,53,
4,13,18,45,55,
4,13,42,51,59,
4,13,45,50,59,
4,13,45,56,59,
4,13,47,49,52,
4,15,20,45,51,
4,15,42,45,53,
4,15,45,49,52,
4,15,49,53,56,
4,17,19,52,55,
4,17,42,49,51,
4,17,42,49,55,
4,19,41,49,56,
4,19,42,47,53,
4,19,42,51,59,
4,19,45,47,60,
4,20,45,49,59,
4,20,47,51,55,
4,7,12,17,51,
4,7,12,45,59,
4,7,13,15,42,
4,7,13,18,45,
4,7,13,18,51,
4,7,13,20,41,
4,7,13,20,47,
4,7,15,19,52,
4,7,17,19,50,
4,7,19,46,51,
4,7,19,52,59,
4,9,12,19,51,
4,9,12,45,51,
4,9,12,45,53,
4,9,13,42,45,
4,9,13,45,56,
5,10,12,41,45,
5,10,13,18,49,
5,10,13,42,57,
5,10,13,42,59,
5,10,15,42,51,
5,10,15,49,56,
5,10,17,19,50,
5,10,17,51,60,
5,10,19,41,52,
5,10,20,53,59,
5,10,41,53,60,
5,10,42,45,59,
5,12,15,42,45,
5,12,15,45,52,
5,12,18,45,51,
5,12,41,53,60,
5,12,45,47,56,
5,12,46,53,55,
5,13,19,46,52,
5,13,19,46,56,
5,13,42,47,56,
5,13,42,50,59,
5,13,46,49,56,
5,13,46,52,55,
5,15,42,52,55,
5,15,45,52,56,
5,17,19,52,56,
5,17,20,49,52,
5,17,42,49,52,
5,17,49,56,60,
5,18,49,53,60,
5,19,42,52,57,
5,20,41,45,60,
5,20,41,53,56,
5,20,47,53,60,
5,7,13,46,56,
5,7,18,49,52,
5,7,20,47,60,
5,7,41,56,60,
5,9,20,45,56,
5,9,42,49,52,
6,10,15,19,49,
6,10,15,45,51,
6,10,19,45,59,
6,10,41,49,53,
6,12,17,49,53,
6,12,17,49,55,
6,12,17,51,55,
6,12,19,41,51,
6,12,45,47,55,
6,12,45,49,57,
6,13,19,41,56,
6,13,19,41,60,
6,13,20,45,47,
6,13,20,45,57,
6,13,20,49,59,
6,13,42,47,55,
6,13,42,53,57,
6,13,45,50,57,
6,13,45,50,59,
6,13,45,52,59,
6,13,47,53,56,
6,15,19,42,53,
6,15,20,45,51,
6,15,45,49,56,
6,17,49,51,56,
6,19,41,50,55,
6,19,42,47,53,
6,19,42,49,59,
6,19,45,47,56,
6,19,49,52,59,
6,20,45,49,59,
6,20,47,53,55,
6,9,13,19,52,
6,9,13,20,49,
6,9,13,45,60,
6,9,19,49,52,
6,9,19,50,55,
7,10,12,41,47,
7,10,15,41,50,
7,10,17,20,47,
7,10,18,49,59,
7,10,41,56,59,
7,12,17,41,60,
7,12,17,46,53,
7,13,15,46,50,
7,13,15,46,52,
7,13,17,46,56,
7,13,18,47,56,
7,13,46,52,59,
7,15,19,46,60,
7,15,42,47,52,
7,17,20,42,59,
7,17,41,52,56,
7,17,42,46,51,
7,17,46,49,52,
7,17,47,52,56,
7,18,20,41,51,
7,18,41,53,56,
7,18,45,50,59,
7,18,47,55,60,
7,20,46,53,57,
7,20,50,57,59,
7,41,46,51,56,
7,41,50,52,57,
7,9,12,15,42,
7,9,12,46,51,
7,9,15,20,52,
7,9,17,42,56,
9,12,15,49,60,
9,12,18,45,49,
9,12,41,49,60,
9,12,42,45,59,
9,13,18,45,60,
9,15,19,50,52,
9,15,19,52,60,
9,15,20,50,53,
9,17,20,45,52,
9,17,20,50,53,
9,17,20,50,55,
9,18,20,45,53,
9,18,20,53,55,
9,19,46,49,56,
9,19,46,49,60,
9,20,41,49,60,
9,20,42,45,57,
9,20,45,47,60,
9,41,49,52,56,
9,41,49,56,60,
9,42,45,52,57,
1,10,12,41,56,
1,10,42,47,56,
1,10,42,50,57,
1,12,17,42,50,
1,12,18,50,53,
1,12,20,42,47,
1,12,41,50,56,
1,12,42,47,60,
1,12,46,49,56,
1,12,46,50,55,
1,13,18,42,50,
1,13,18,52,56,
1,13,18,52,60,
1,13,46,50,52,
1,13,46,50,56,
1,17,20,42,52,
1,18,50,53,60,
1,20,42,46,53,
1,20,42,50,59,
1,20,46,51,56,
1,20,46,52,55,
1,20,50,56,59,
1,4,19,50,60,
1,5,12,42,50,
1,6,12,42,45,
1,6,19,42,56,
1,6,20,42,55,
1,6,20,45,52,
1,6,20,51,60,
1,7,18,20,52,
1,7,20,46,56,
10,12,15,42,57,
10,12,17,41,50,
10,12,17,50,57,
10,12,18,51,59,
10,13,46,50,57,
10,15,18,45,56,
10,15,46,52,55,
10,15,47,56,60,
10,17,19,42,46,
10,17,19,46,56,
10,17,20,46,55,
10,17,41,50,60,
10,17,42,47,60,
10,17,42,56,59,
10,17,46,50,53,
10,17,47,52,60,
10,17,50,56,59,
10,18,42,51,59,
10,18,42,55,57,
10,18,45,47,56,
10,20,41,46,51,
10,20,46,51,57,
10,20,47,50,59,
10,41,47,52,60,
10,41,50,52,59,
10,41,50,56,59,
10,41,50,57,60,
10,42,47,56,59,
2,10,12,41,47,
2,10,12,41,57,
2,10,15,42,57,
2,10,17,41,50,
2,10,17,46,51,
2,10,18,41,55,
2,10,18,45,47,
2,10,19,46,59,
2,12,17,46,51,
2,12,18,49,57,
2,12,20,41,47,
2,12,41,50,57,
2,12,41,52,59,
2,13,17,42,46,
2,13,17,46,60,
2,13,18,41,56,
2,13,18,42,47,
2,13,18,42,59,
2,15,17,42,60,
2,15,17,50,52,
2,15,42,50,57,
2,15,42,56,59,
2,17,20,42,57,
2,17,20,46,55,
2,17,20,50,59,
2,17,42,47,56,
2,17,42,50,57,
2,17,42,50,59,
2,17,46,55,60,
2,18,20,41,49,
2,18,20,45,47,
2,18,41,51,56,
2,18,47,49,52,
2,19,46,52,57,
2,20,41,47,60,
2,20,42,47,57,
2,20,42,57,59,
2,20,46,51,59,
2,4,12,15,49,
2,4,17,19,42,
2,4,17,42,51,
2,4,17,50,53,
2,4,17,51,60,
2,4,18,49,53,
2,4,18,51,55,
2,4,19,52,59,
2,5,12,17,42,
2,5,12,46,55,
2,5,13,20,46,
2,5,13,46,52,
2,5,15,42,60,
2,5,18,45,52,
2,5,18,45,56,
2,5,19,42,46,
2,5,20,41,60,
2,5,20,46,49,
2,5,20,46,53,
2,5,20,52,59,
2,6,13,20,41,
2,6,15,20,51,
2,6,17,42,45,
2,6,17,42,51,
2,6,19,52,57,
2,6,20,41,55,
2,6,20,47,49,
2,7,18,50,59,
2,9,18,42,45,
2,9,18,51,56,
2,9,20,46,51,
2,9,20,47,50,
2,9,20,47,56,
2,9,41,56,60,
4,10,12,45,57,
4,10,13,19,46,
4,10,15,42,53,
4,10,17,19,42,
4,10,17,19,52,
4,10,17,42,55,
4,10,18,45,49,
4,10,19,50,59,
4,10,19,52,59,
4,10,20,41,45,
4,10,20,45,57,
4,10,20,47,49,
4,10,42,55,59,
4,12,15,42,53,
4,12,17,42,55,
4,12,17,50,53,
4,12,18,45,49,
4,12,18,49,53,
4,12,18,49,55,
4,12,19,46,55,
4,12,20,49,59,
4,12,20,53,59,
4,13,17,42,60,
4,13,17,50,60,
4,13,18,51,60,
4,13,20,42,59,
4,13,20,52,57,
4,13,46,51,56,
4,15,20,45,60,
4,17,19,52,60,
4,17,20,42,49,
4,17,20,52,55,
4,18,20,49,53,
4,18,42,45,51,
4,18,45,50,53,
4,18,45,53,60,
4,19,41,50,52,
4,19,46,49,52,
4,19,46,49,60,
4,20,41,45,56,
4,20,42,51,59,
4,20,45,52,57,
4,20,46,53,55,
4,6,12,19,49,
4,6,13,20,51,
4,6,13,42,55,
4,6,19,45,50,
4,6,19,50,55,
4,6,20,49,53,
4,7,12,15,42,
4,7,12,20,47,
4,7,13,18,52,
4,7,13,46,50,
4,7,13,46,52,
4,7,20,47,52,
4,7,20,47,56,
4,7,20,50,57,
4,7,41,56,60,
4,9,12,20,45,
4,9,12,42,49,
4,9,12,42,55,
4,9,12,45,60,
4,9,19,42,60,
4,9,20,42,55,
4,9,20,51,56,
4,9,20,51,60,
4,9,42,52,55,
4,9,42,53,60,
5,10,12,42,47,
5,10,12,42,57,
5,10,15,20,42,
5,10,18,20,45,
5,10,18,45,50,
5,10,20,47,50,
5,10,42,47,52,
5,12,15,42,52,
5,12,18,49,60,
5,12,19,46,60,
5,12,20,50,59,
5,12,20,52,57,
5,12,41,50,52,
5,12,42,46,51,
5,12,42,50,57,
5,12,46,50,53,
5,13,18,52,56,
5,13,20,46,52,
5,13,42,46,60,
5,18,20,50,55,
5,18,42,51,60,
5,18,42,53,60,
5,19,46,52,60,
5,20,47,52,60,
5,20,47,56,60,
5,7,12,42,46,
5,7,18,42,50,
5,7,18,42,60,
5,7,20,46,60,
5,9,20,50,60,
5,9,20,52,60,
6,10,12,45,57,
6,10,18,49,55,
6,10,19,41,56,
6,10,19,46,51,
6,10,20,45,47,
6,10,20,47,51,
6,10,20,47,53,
6,12,17,49,52,
6,12,17,49,60,
6,12,17,51,56,
6,12,19,42,59,
6,12,41,45,56,
6,12,41,45,60,
6,12,42,45,57,
6,12,42,45,59,
6,12,42,47,55,
6,12,42,53,59,
6,12,42,55,57,
6,12,45,50,59,
6,13,20,47,52,
6,13,46,49,52,
6,15,42,45,60,
6,15,42,53,60,
6,15,45,50,52,
6,15,45,50,60,
6,17,20,42,49,
6,17,20,45,52,
6,18,20,49,51,
6,18,45,53,60,
6,19,42,50,57,
6,19,46,51,56,
6,19,46,52,55,
6,19,50,56,59,
6,20,41,51,60,
6,20,45,50,57,
6,20,49,57,60,
6,9,19,42,60,
7,10,12,46,59,
7,10,15,42,46,
7,10,15,46,60,
7,10,18,42,57,
7,10,20,46,57,
7,12,41,46,56,
7,15,18,42,60,
7,18,20,46,51,
7,18,20,52,57,
7,18,41,50,60,
7,18,42,52,59,
7,18,47,50,60,
7,18,50,52,57,
7,20,41,46,52,
7,20,41,46,56,
7,20,41,46,60,
7,41,46,52,60,
7,9,12,18,42,
7,9,18,50,52,
7,9,20,42,46,
9,12,18,42,49,
9,12,46,49,60,
9,12,46,53,56,
9,17,20,42,50,
9,17,20,50,52,
9,18,20,45,60,
9,18,20,51,56,
9,18,50,52,55,
9,20,47,52,56,
1,10,12,46,50,
1,10,18,42,50,
1,10,20,46,50,
1,12,18,50,60,
1,20,46,50,52,
1,4,20,50,56,
10,12,17,46,56,
10,15,42,46,52,
10,18,20,47,52,
10,18,20,47,60,
10,18,41,50,52,
10,18,41,50,60,
10,18,41,56,60,
10,18,50,52,57,
10,18,50,57,60,
10,41,46,52,60,
2,10,12,41,46,
2,10,12,46,57,
2,10,17,46,52,
2,12,15,46,56,
2,12,17,46,60,
2,12,18,52,59,
2,17,46,52,56,
2,18,20,42,57,
2,18,42,46,55,
2,20,46,57,60,
2,4,12,18,51,
2,4,12,20,47,
2,4,13,18,42,
2,4,18,42,55,
2,4,18,45,52,
2,4,20,47,60,
2,5,18,52,56,
2,5,18,52,60,
2,6,12,18,49,
2,6,12,41,50,
2,6,12,41,56,
2,6,17,20,50,
2,6,17,42,60,
4,10,12,41,52,
4,10,20,41,50,
4,10,41,50,56,
4,10,42,56,59,
4,12,17,50,52,
4,12,18,49,56,
4,12,20,47,52,
4,12,46,50,53,
4,13,20,46,50,
4,15,20,42,60,
4,15,42,50,60,
4,17,50,52,56,
4,17,50,52,60,
4,18,20,45,56,
4,18,42,49,52,
4,19,46,50,56,
4,20,41,52,56,
4,20,42,52,59,
4,6,12,42,53,
4,6,12,42,55,
4,6,19,42,52,
4,7,12,18,42,
4,7,12,18,52,
4,7,20,42,46,
4,9,20,42,52,
5,10,12,18,42,
5,10,18,50,52,
5,12,42,46,60,
5,12,46,50,56,
5,18,20,42,50,
5,18,42,50,56,
5,20,46,52,56,
6,10,13,20,46,
6,10,13,46,52,
6,10,17,50,60,
6,10,18,42,51,
6,10,19,42,46,
6,10,20,47,56,
6,10,41,56,60,
6,12,18,45,52,
6,12,18,50,55,
6,12,18,52,55,
6,12,20,46,51,
6,15,20,50,56,
6,15,42,50,56,
6,15,42,50,60,
6,17,20,42,56,
6,17,42,50,60,
6,18,20,45,50,
6,20,41,50,52,
6,20,46,53,60,
6,20,47,52,56,
6,9,12,20,52,
6,9,20,42,52,
6,9,42,56,60,
9,18,20,50,60,
9,20,46,50,52,
9,42,46,52,60,
1,12,41,49,55,
1,12,45,51,57,
1,12,45,51,59,
1,13,19,41,50,
1,13,20,47,53,
1,15,19,53,60,
1,15,45,50,55,
1,15,49,55,60,
1,17,50,53,55,
1,19,42,51,57,
1,19,42,51,59,
1,19,42,53,57,
1,19,45,47,60,
1,19,45,50,57,
1,20,41,49,55,
1,4,13,19,45,
1,4,13,19,49,
1,5,13,45,60,
1,7,15,49,56,
1,7,19,41,60,
1,9,19,42,49,
10,15,19,53,57,
10,15,47,53,55,
2,13,19,41,59,
2,15,19,41,55,
2,17,19,53,59,
2,17,49,55,57,
2,19,41,47,55,
2,19,45,57,59,
2,7,15,19,41,
2,7,15,47,53,
2,7,17,19,41,
2,7,17,41,45,
2,9,17,49,51,
2,9,41,51,53,
4,13,15,45,49,
4,13,17,49,53,
4,13,19,41,51,
4,15,19,53,55,
4,17,19,51,55,
4,19,45,47,51,
4,7,19,41,53,
4,7,41,45,53,
4,7,41,49,51,
5,10,19,41,45,
5,12,45,53,57,
5,12,45,55,59,
5,13,18,51,53,
5,15,19,42,49,
5,15,20,51,55,
5,15,45,53,56,
5,15,49,53,56,
5,17,19,49,56,
5,19,41,53,56,
5,19,42,49,59,
5,19,46,51,55,
5,19,49,57,60,
5,7,13,47,50,
5,7,15,20,53,
5,7,17,42,51,
5,7,19,52,59,
5,7,41,45,52,
5,7,41,50,55,
5,9,13,42,55,
6,13,19,45,59,
6,15,19,45,55,
6,19,41,45,53,
6,19,49,53,59,
7,10,17,47,51,
7,12,19,41,59,
7,12,45,57,59,
7,13,19,46,59,
7,15,19,46,55,
7,15,46,51,55,
7,17,46,49,53,
7,18,41,49,53,
7,18,45,47,55,
7,19,46,51,59,
7,9,12,17,49,
7,9,12,41,45,
7,9,13,46,53,
7,9,15,42,55,
7,9,15,49,60,
7,9,18,45,53,
7,9,41,53,56,
9,12,19,51,57,
9,13,15,42,55,
9,13,19,42,59,
9,13,19,52,59,
9,13,20,41,55,
9,13,20,45,47,
9,13,20,47,55,
9,13,46,49,55,
9,15,45,49,52,
9,15,45,53,60,
9,19,42,47,51,
9,19,42,55,59,
9,19,45,56,59,
9,19,46,51,53,
1,10,27,41,55,
1,10,41,45,51,
1,23,28,45,51,
1,23,42,49,55,
1,27,41,45,56,
1,27,41,49,60,
1,27,41,51,56,
1,27,42,55,57,
1,27,45,50,59,
1,27,46,51,53,
1,27,46,51,55,
1,27,46,53,55,
1,28,41,45,55,
1,28,45,55,57,
1,28,49,53,57,
1,5,27,45,52,
1,7,23,26,45,
1,7,23,28,45,
1,7,23,49,52,
1,7,23,50,53,
1,7,26,41,53,
1,7,27,50,57,
1,7,28,51,57,
1,7,41,49,52,
1,7,41,49,60,
1,7,41,50,53,
1,7,41,53,60,
1,9,26,45,55,
1,9,26,49,55,
1,9,42,51,53,
1,9,42,53,55,
10,23,27,41,55,
10,23,49,55,57,
10,27,41,49,57,
10,41,49,55,57,
2,23,27,45,57,
2,23,27,51,59,
2,27,41,45,59,
2,5,23,49,55,
2,7,23,27,57,
2,7,23,45,59,
2,7,27,57,59,
2,9,27,49,57,
4,23,45,51,53,
4,27,41,49,55,
4,27,49,53,57,
4,7,27,41,45,
4,7,27,41,53,
4,7,27,47,49,
4,7,27,47,53,
5,10,23,45,55,
5,10,41,49,51,
5,23,26,53,55,
5,23,42,45,53,
5,26,41,49,55,
5,27,42,55,59,
5,27,47,51,60,
5,27,47,53,56,
5,27,50,55,57,
5,28,49,53,59,
5,7,23,27,42,
5,7,23,27,52,
5,7,26,41,51,
5,7,27,42,57,
5,7,27,46,53,
5,7,27,47,52,
5,7,28,45,59,
5,9,26,51,55,
5,9,27,45,52,
6,27,45,55,59,
6,27,47,53,55,
7,23,28,41,55,
7,23,28,45,57,
7,23,28,49,59,
7,23,42,45,57,
7,23,45,47,52,
7,26,47,53,57,
7,28,41,47,51,
7,28,47,53,57,
7,41,50,53,57,
7,9,23,27,42,
7,9,23,53,60,
7,9,26,47,49,
7,9,27,47,50,
7,9,27,50,57,
9,23,26,45,49,
9,23,42,45,51,
9,23,42,51,55,
9,23,45,49,60,
9,23,45,52,55,
9,23,45,55,60,
9,26,45,47,53,
9,26,45,53,57,
9,26,49,53,57,
9,27,41,45,56,
9,27,42,51,59,
9,27,46,51,55,
9,27,47,51,56,
9,41,49,51,56,
1,10,28,46,50,
1,2,26,46,52,
1,28,46,52,60,
1,4,26,42,52,
1,4,28,50,52,
1,6,28,42,56,
10,26,46,47,52,
10,28,42,46,57,
10,42,46,59,60,
2,10,23,28,46,
2,10,26,46,47,
2,23,46,52,60,
2,23,46,56,60,
2,26,28,46,47,
2,26,41,46,56,
2,26,46,52,57,
2,28,46,52,57,
2,28,46,59,60,
2,4,23,42,60,
2,4,23,56,60,
2,4,26,42,47,
2,4,26,46,53,
2,4,26,47,52,
2,4,27,46,56,
2,4,28,50,57,
2,5,26,28,46,
2,6,23,26,42,
2,6,26,28,47,
2,6,26,42,47,
2,6,26,52,57,
2,6,28,42,59,
2,9,42,46,60,
4,10,23,52,60,
4,10,26,42,59,
4,10,26,46,53,
4,10,27,46,50,
4,10,28,46,51,
4,10,28,57,60,
4,10,41,42,56,
4,10,42,47,56,
4,23,28,42,56,
4,23,50,56,60,
4,26,28,45,46,
4,26,28,52,57,
4,26,41,52,56,
4,26,42,57,60,
4,27,28,42,46,
4,28,42,47,52,
4,28,46,50,53,
4,28,46,51,60,
4,5,26,42,50,
4,6,26,42,49,
4,6,26,42,55,
4,6,26,49,56,
4,6,26,50,53,
4,6,26,53,60,
4,6,27,50,56,
4,6,28,53,56,
4,7,26,46,56,
4,9,26,28,42,
4,9,26,28,60,
4,9,26,52,60,
5,10,26,46,50,
5,10,28,42,46,
5,10,42,46,56,
5,28,46,52,56,
5,6,28,52,60,
6,10,26,28,57,
6,10,26,41,56,
6,10,28,42,47,
6,10,28,46,53,
6,10,42,56,57,
6,23,26,42,56,
6,23,26,50,56,
6,23,28,42,60,
6,23,28,52,56,
6,26,28,41,56,
6,26,28,46,51,
6,26,28,47,50,
6,26,41,42,60,
6,26,41,50,52,
6,26,42,52,57,
6,26,46,50,53,
6,26,47,56,60,
6,28,41,56,60,
6,28,45,46,52,
6,28,46,52,55,
6,7,28,46,50,
6,7,28,46,52,
6,9,28,42,56,
9,10,26,46,52,
9,26,42,46,52,
9,26,42,46,56,
9,26,46,50,52,
9,28,46,50,56,
9,28,46,56,60,
1,10,23,52,56,
1,10,26,47,60,
1,10,28,42,59,
1,10,41,42,56,
1,2,26,28,41,
1,2,26,41,60,
1,2,28,52,59,
1,26,27,46,50,
1,26,41,56,60,
1,26,42,56,57,
1,26,47,52,60,
1,26,50,52,59,
1,27,28,46,50,
1,27,46,50,60,
1,28,41,50,56,
1,28,46,50,53,
1,4,26,45,56,
1,4,27,28,42,
1,4,27,42,56,
1,4,27,50,52,
1,4,27,50,60,
1,4,28,51,52,
1,5,26,28,42,
1,5,28,50,60,
1,6,26,28,51,
1,6,26,49,50,
1,6,28,50,55,
1,6,28,52,55,
1,9,26,42,56,
1,9,42,52,56,
10,23,26,56,57,
10,23,27,46,60,
10,23,28,41,42,
10,23,28,42,47,
10,23,41,50,60,
10,23,42,46,53,
10,26,42,47,59,
10,26,42,57,59,
10,26,46,53,59,
10,27,42,46,57,
10,28,41,59,60,
10,28,46,47,51,
10,28,46,55,57,
10,28,47,56,57,
10,28,47,56,59,
10,41,42,56,57,
10,41,46,51,56,
10,42,46,51,57,
2,10,23,46,53,
2,10,41,47,60,
2,10,42,47,59,
2,23,26,42,57,
2,23,27,46,52,
2,23,27,46,60,
2,23,28,45,46,
2,23,41,50,60,
2,23,46,55,56,
2,23,47,52,56,
2,23,47,52,60,
2,23,50,56,57,
2,23,50,56,59,
2,26,28,41,47,
2,26,41,52,59,
2,26,46,51,57,
2,26,47,56,57,
2,27,46,57,60,
2,28,46,47,51,
2,28,47,52,57,
2,28,47,57,60,
2,4,23,27,50,
2,4,23,49,56,
2,4,26,47,49,
2,4,27,47,50,
2,5,23,26,60,
2,5,26,27,46,
2,5,26,41,50,
2,5,26,46,55,
2,5,27,42,46,
2,5,27,46,52,
2,5,28,59,60,
2,6,23,26,51,
2,6,23,49,50,
2,6,26,51,59,
2,6,26,53,57,
2,6,27,47,52,
2,6,27,47,60,
2,6,27,56,57,
2,6,28,55,59,
2,7,28,46,57,
2,9,23,26,56,
2,9,23,42,50,
2,9,23,52,56,
2,9,26,27,46,
2,9,26,41,52,
2,9,26,50,57,
2,9,26,59,60,
2,9,28,41,50,
2,9,41,42,52,
2,9,41,42,56,
2,9,42,56,59,
2,9,42,59,60,
4,10,23,49,52,
4,10,26,27,59,
4,10,26,45,47,
4,10,26,47,53,
4,10,27,28,47,
4,10,27,41,56,
4,10,41,42,55,
4,10,41,49,52,
4,10,42,47,51,
4,23,28,50,51,
4,23,28,51,52,
4,23,28,53,60,
4,23,42,45,56,
4,23,42,49,56,
4,23,42,53,56,
4,26,27,42,47,
4,26,41,55,56,
4,26,42,45,57,
4,26,42,53,59,
4,26,45,46,55,
4,26,45,52,57,
4,26,45,59,60,
4,26,46,51,55,
4,26,47,51,60,
4,26,49,56,59,
4,27,28,46,51,
4,27,28,52,59,
4,27,42,47,52,
4,27,46,50,51,
4,27,50,59,60,
4,28,41,49,52,
4,28,41,53,56,
4,28,42,51,59,
4,28,46,49,53,
4,28,47,51,56,
4,28,49,52,59,
4,5,26,42,53,
4,5,26,49,50,
4,5,26,50,51,
4,5,26,51,52,
4,5,27,28,50,
4,5,28,49,52,
4,5,28,51,52,
4,6,27,49,50,
4,7,23,26,50,
4,7,23,26,60,
4,7,26,42,57,
4,7,26,46,49,
4,7,26,47,52,
4,7,26,50,59,
4,7,26,59,60,
4,7,28,41,42,
4,7,28,41,50,
4,7,28,46,49,
4,7,28,46,53,
4,7,41,42,60,
4,9,26,28,51,
4,9,26,49,50,
4,9,26,52,55,
4,9,28,42,51,
4,9,28,42,53,
4,9,42,45,60,
4,9,42,53,56,
4,9,42,55,56,
5,10,23,26,42,
5,10,23,26,50,
5,10,23,28,42,
5,10,23,28,50,
5,10,23,42,52,
5,10,26,46,49,
5,10,26,52,59,
5,10,26,56,57,
5,10,28,52,57,
5,23,26,42,52,
5,23,28,42,50,
5,23,42,50,52,
5,23,42,50,60,
5,23,50,56,60,
5,26,28,41,42,
5,26,28,42,59,
5,26,28,46,55,
5,26,41,50,56,
5,26,42,47,52,
5,26,42,50,57,
5,26,42,50,59,
5,26,46,50,53,
5,26,47,56,60,
5,26,50,56,57,
5,27,46,50,56,
5,27,46,50,60,
5,28,42,56,57,
5,28,45,46,52,
5,28,46,50,55,
5,28,46,52,53,
5,28,46,53,56,
5,28,46,55,56,
5,6,26,27,60,
5,6,26,42,55,
5,6,26,45,56,
5,6,28,49,56,
5,9,26,42,50,
5,9,26,42,52,
5,9,26,42,60,
6,10,23,26,55,
6,10,23,49,52,
6,10,23,49,60,
6,10,27,28,41,
6,10,27,56,59,
6,10,42,45,57,
6,10,42,49,57,
6,23,26,45,52,
6,23,26,50,55,
6,23,26,53,56,
6,23,27,42,56,
6,23,27,50,56,
6,23,27,52,60,
6,23,28,42,45,
6,23,28,50,53,
6,23,28,55,60,
6,23,42,52,53,
6,23,42,55,56,
6,23,50,51,52,
6,26,27,46,51,
6,26,28,41,49,
6,26,28,51,57,
6,26,28,53,57,
6,26,41,55,60,
6,26,42,51,57,
6,26,45,46,51,
6,26,45,46,55,
6,26,45,47,60,
6,26,45,56,57,
6,26,45,56,59,
6,26,46,49,55,
6,26,47,52,53,
6,27,28,41,56,
6,27,28,46,55,
6,27,41,52,60,
6,27,42,57,60,
6,27,46,50,53,
6,28,41,45,56,
6,28,41,50,53,
6,28,42,49,59,
6,28,49,50,59,
6,28,50,51,59,
6,7,23,26,52,
6,7,23,28,50,
6,7,26,41,42,
6,7,26,41,52,
6,7,26,42,57,
6,7,27,46,50,
6,7,27,46,56,
6,7,28,50,59,
6,9,26,27,56,
6,9,26,53,56,
6,9,27,28,42,
6,9,27,42,56,
6,9,27,50,52,
6,9,27,50,56,
6,9,28,52,55,
6,9,28,55,60,
7,10,26,46,59,
7,10,28,46,47,
7,23,28,42,46,
7,26,28,46,47,
7,26,46,47,52,
7,26,46,47,60,
7,28,46,47,60,
7,9,28,46,50,
9,10,23,28,52,
9,10,26,45,46,
9,10,26,47,60,
9,10,26,52,59,
9,10,26,59,60,
9,10,27,28,46,
9,10,28,46,53,
9,10,28,47,50,
9,10,42,47,60,
9,23,26,56,60,
9,26,28,50,59,
9,26,41,52,56,
9,26,42,59,60,
9,26,45,46,56,
9,26,46,50,51,
9,26,46,52,53,
9,27,46,50,60,
9,28,42,57,60,
9,28,42,59,60,
9,28,46,53,60,
9,41,50,52,56,
1,10,23,27,52,
1,10,23,28,45,
1,10,23,28,51,
1,10,23,49,60,
1,10,26,27,59,
1,10,26,47,49,
1,10,27,45,46,
1,10,27,47,50,
1,10,41,49,56,
1,2,23,28,49,
1,2,23,28,53,
1,2,23,42,55,
1,2,23,50,55,
1,2,23,52,53,
1,2,26,27,57,
1,2,26,41,45,
1,2,26,51,57,
1,2,27,28,59,
1,2,27,41,56,
1,2,27,52,59,
1,2,28,45,57,
1,2,28,49,59,
1,23,26,51,56,
1,23,28,49,52,
1,23,42,50,51,
1,23,42,50,53,
1,26,27,41,50,
1,26,27,42,59,
1,26,27,52,57,
1,26,27,56,57,
1,26,28,53,59,
1,26,41,42,51,
1,26,41,49,56,
1,26,41,50,53,
1,26,41,50,55,
1,26,41,55,56,
1,26,42,49,59,
1,26,47,49,52,
1,26,47,55,60,
1,27,41,42,52,
1,27,41,42,56,
1,27,41,50,56,
1,27,42,47,52,
1,27,47,56,60,
1,28,41,42,53,
1,28,46,51,55,
1,28,50,51,57,
1,4,26,27,53,
1,4,27,28,51,
1,4,27,49,52,
1,5,28,42,51,
1,6,26,27,45,
1,6,27,42,49,
1,6,27,42,53,
1,6,27,45,50,
1,7,41,42,60,
1,7,41,52,60,
1,9,26,49,56,
1,9,27,42,52,
1,9,28,42,53,
10,23,26,41,53,
10,23,26,45,59,
10,23,27,47,50,
10,23,28,51,57,
10,23,41,42,55,
10,23,45,46,51,
10,23,45,50,57,
10,23,45,59,60,
10,23,47,53,60,
10,26,41,45,57,
10,26,47,49,57,
10,27,28,47,59,
10,27,42,57,59,
10,27,46,51,57,
10,28,41,49,59,
10,41,42,51,59,
10,41,42,53,57,
10,41,50,51,57,
10,42,49,57,59,
2,10,23,27,59,
2,10,23,49,59,
2,10,27,41,47,
2,23,26,51,59,
2,23,45,47,60,
2,23,45,56,57,
2,23,50,53,57,
2,26,47,55,59,
2,27,42,47,59,
2,27,50,57,59,
2,28,41,45,57,
2,28,41,49,59,
2,28,47,51,59,
2,4,23,27,53,
2,4,23,49,51,
2,5,23,27,60,
2,5,26,51,59,
2,5,27,28,59,
2,5,27,42,57,
2,5,27,46,51,
2,5,27,47,50,
2,5,28,41,55,
2,6,27,45,59,
2,7,41,50,57,
2,7,41,50,59,
2,7,41,56,59,
2,9,23,26,53,
2,9,23,26,55,
2,9,23,27,52,
2,9,23,27,56,
2,9,23,45,50,
2,9,23,45,56,
2,9,23,49,50,
2,9,26,49,57,
2,9,27,28,41,
2,9,27,41,50,
2,9,41,53,56,
4,10,27,41,45,
4,10,27,53,57,
4,10,41,51,53,
4,23,27,42,53,
4,23,27,45,52,
4,23,27,49,60,
4,23,27,53,56,
4,23,42,53,55,
4,23,45,50,51,
4,23,49,51,56,
4,23,49,51,60,
4,23,49,55,56,
4,26,41,49,51,
4,26,41,49,53,
4,26,41,51,53,
4,26,41,53,55,
4,26,45,51,59,
4,26,49,55,57,
4,27,28,45,47,
4,27,28,45,57,
4,27,28,47,53,
4,27,28,51,57,
4,27,41,42,55,
4,27,42,45,59,
4,27,47,51,52,
4,27,47,53,56,
4,5,26,27,53,
4,5,26,51,55,
4,5,27,28,51,
4,5,27,42,49,
4,5,27,49,50,
4,5,27,51,60,
4,5,27,53,56,
4,6,27,51,53,
4,7,23,49,60,
4,7,27,41,56,
4,7,27,42,47,
4,7,27,52,59,
4,7,28,45,47,
4,7,41,49,52,
4,7,41,52,53,
4,7,41,53,56,
4,7,41,53,60,
4,9,27,45,52,
4,9,27,52,53,
5,10,23,27,60,
5,10,26,53,59,
5,10,27,28,41,
5,10,27,41,42,
5,10,27,59,60,
5,10,28,41,55,
5,10,41,51,52,
5,10,42,47,51,
5,10,42,53,57,
5,10,42,55,59,
5,23,26,49,60,
5,23,26,53,60,
5,23,28,49,50,
5,23,28,53,60,
5,26,50,53,57,
5,26,50,55,57,
5,27,41,56,60,
5,27,42,46,55,
5,27,46,51,60,
5,27,50,52,57,
5,28,41,45,56,
5,28,42,53,59,
5,28,42,55,59,
5,28,45,50,59,
5,28,46,49,51,
5,28,49,57,60,
5,28,50,53,59,
5,6,26,27,49,
5,6,26,27,51,
5,6,27,42,49,
5,6,27,45,56,
5,7,26,27,46,
5,7,26,46,49,
5,7,26,56,57,
5,7,26,59,60,
5,7,27,46,56,
5,7,28,42,59,
5,7,28,47,52,
5,7,28,50,57,
5,7,28,57,60,
5,7,41,52,56,
5,7,41,56,60,
5,9,26,45,50,
5,9,26,51,56,
5,9,26,53,56,
5,9,28,45,52,
5,9,28,49,56,
5,9,28,49,60,
6,10,27,41,45,
6,23,27,42,45,
6,23,27,51,60,
6,23,45,49,56,
6,23,45,52,55,
6,23,45,55,60,
6,26,27,41,51,
6,26,27,49,57,
6,26,49,55,57,
6,27,28,53,59,
6,27,28,55,57,
6,27,42,53,57,
6,27,47,53,60,
6,28,41,45,55,
6,28,41,51,53,
6,28,45,47,51,
6,28,47,51,55,
6,28,49,53,57,
6,7,23,27,50,
6,7,23,55,60,
6,7,26,47,55,
6,7,26,53,59,
6,7,27,28,59,
6,7,27,42,59,
6,7,27,45,46,
6,7,27,57,60,
6,7,27,59,60,
6,7,28,47,51,
6,7,28,51,57,
7,10,23,41,52,
7,10,23,47,50,
7,10,23,56,57,
7,10,26,41,47,
7,10,28,41,47,
7,23,28,42,59,
7,23,28,50,59,
7,23,42,56,59,
7,23,42,59,60,
7,26,28,41,47,
7,26,28,47,57,
7,26,46,53,57,
7,26,46,55,57,
7,27,46,59,60,
7,28,41,47,52,
7,41,50,52,57,
7,41,50,56,57,
7,41,50,59,60,
7,9,26,41,52,
7,9,26,59,60,
7,9,27,46,52,
7,9,27,46,60,
7,9,28,46,55,
7,9,41,42,52,
9,10,23,26,49,
9,10,23,42,53,
9,10,26,41,49,
9,10,27,52,57,
9,10,28,47,49,
9,10,41,51,52,
9,23,26,50,53,
9,23,26,53,56,
9,23,27,52,60,
9,23,45,50,60,
9,23,50,51,52,
9,26,28,41,51,
9,26,28,41,53,
9,26,28,49,57,
9,26,41,42,53,
9,26,47,50,55,
9,26,47,51,52,
9,26,47,55,56,
9,27,28,46,49,
9,27,46,51,56,
9,28,41,45,52,
9,28,45,52,59,
9,28,47,51,60,
9,28,47,52,53,
9,28,50,53,59,
9,28,50,55,59,
9,41,42,52,55,
9,42,45,59,60,
9,42,46,51,55,
9,42,49,52,59,
1,10,22,27,51,
1,10,24,27,45,
1,10,24,27,53,
1,10,25,49,52,
1,10,27,30,53,
1,10,29,42,45,
1,10,29,42,53,
1,10,29,49,60,
1,10,43,45,56,
1,10,43,49,52,
1,10,43,52,53,
1,2,24,45,53,
1,2,25,26,53,
1,2,27,30,45,
1,22,26,49,51,
1,22,26,49,55,
1,22,27,49,60,
1,24,27,42,51,
1,24,27,45,60,
1,24,45,49,60,
1,25,26,45,52,
1,25,28,49,52,
1,25,28,51,56,
1,25,42,51,60,
1,25,45,52,56,
1,25,49,50,60,
1,26,29,42,45,
1,26,29,45,60,
1,26,29,49,52,
1,26,29,53,60,
1,26,30,53,55,
1,26,48,49,55,
1,27,30,45,52,
1,27,44,49,52,
1,27,44,50,55,
1,27,49,56,58,
1,28,30,53,55,
1,28,43,50,51,
1,28,44,49,53,
1,28,48,49,55,
1,7,22,27,50,
1,7,22,51,60,
1,7,24,42,49,
1,7,25,26,50,
1,7,25,50,56,
1,7,26,27,54,
1,7,26,30,51,
1,7,26,48,49,
1,7,27,42,48,
1,7,28,29,52,
1,7,28,48,51,
1,7,30,45,56,
1,8,28,49,55,
1,8,28,51,53,
10,23,26,43,51,
10,24,41,45,53,
10,24,47,49,51,
10,25,27,41,52,
10,26,29,47,53,
10,27,30,41,51,
10,27,30,51,57,
10,27,47,49,54,
10,27,47,53,54,
10,27,48,53,57,
10,29,41,50,53,
10,29,41,53,60,
10,29,41,55,56,
10,29,45,47,52,
10,30,45,55,59,
10,30,47,51,53,
10,41,43,53,56,
10,41,49,53,58,
2,10,23,29,55,
2,10,27,43,47,
2,10,29,55,57,
2,10,43,45,57,
2,23,24,49,51,
2,23,25,50,53,
2,23,26,43,53,
2,23,27,44,53,
2,23,29,51,52,
2,23,43,45,60,
2,23,44,49,53,
2,24,27,47,53,
2,24,41,51,55,
2,25,26,45,47,
2,25,27,56,57,
2,25,41,49,56,
2,27,29,41,42,
2,27,30,41,49,
2,27,42,43,59,
2,27,43,46,55,
2,28,29,47,53,
2,29,50,53,57,
2,5,25,26,49,
2,5,25,28,51,
2,5,25,28,53,
2,5,25,50,53,
2,5,25,51,52,
2,7,22,27,47,
2,7,25,26,59,
2,7,25,41,52,
2,7,27,29,46,
2,7,29,46,51,
2,7,30,47,53,
2,7,41,43,52,
2,7,41,51,58,
2,8,27,41,53,
2,8,41,45,53,
2,9,24,27,51,
2,9,25,28,53,
2,9,25,55,56,
2,9,27,51,58,
2,9,29,51,60,
2,9,43,53,60,
4,10,27,43,55,
4,10,43,49,51,
4,24,45,51,53,
4,24,45,53,55,
4,26,27,43,45,
4,26,43,51,55,
4,27,28,43,53,
4,29,42,45,53,
4,29,49,53,56,
4,29,50,51,53,
4,30,45,49,53,
4,7,25,55,56,
4,7,27,44,49,
4,7,28,29,55,
4,7,29,50,53,
5,10,25,28,53,
5,10,26,29,55,
5,10,27,29,60,
5,10,27,45,48,
5,10,29,55,60,
5,10,43,49,52,
5,10,43,53,56,
5,22,27,42,55,
5,22,27,49,50,
5,22,28,45,51,
5,24,26,49,51,
5,24,27,53,60,
5,24,42,51,55,
5,24,49,50,53,
5,24,49,52,55,
5,24,49,53,56,
5,25,26,53,56,
5,25,42,45,52,
5,25,42,49,52,
5,25,42,51,56,
5,25,45,50,60,
5,25,45,56,60,
5,26,28,43,45,
5,27,29,42,50,
5,27,29,42,56,
5,27,29,56,60,
5,27,30,42,45,
5,27,43,50,52,
5,27,45,48,56,
5,28,43,51,60,
5,28,49,53,58,
5,29,50,55,56,
5,30,42,49,53,
5,30,42,51,53,
5,30,45,52,53,
5,30,45,53,56,
5,30,49,50,53,
5,7,22,26,49,
5,7,22,27,50,
5,7,22,52,53,
5,7,25,28,42,
5,7,26,30,51,
5,7,27,42,54,
5,7,27,54,56,
5,7,27,58,60,
5,7,28,43,50,
5,7,28,48,51,
5,7,29,42,56,
5,8,27,51,52,
5,8,28,45,55,
6,10,27,43,51,
6,24,45,49,55,
6,25,28,45,49,
6,27,30,51,55,
6,27,43,50,53,
6,27,45,49,54,
6,7,24,45,51,
6,7,24,49,55,
6,7,26,29,51,
6,7,28,29,51,
6,7,30,53,55,
7,10,22,49,59,
7,10,23,30,53,
7,10,24,27,41,
7,10,25,27,46,
7,10,25,52,57,
7,10,30,41,45,
7,10,43,46,53,
7,22,23,42,53,
7,22,26,41,55,
7,22,26,55,59,
7,22,27,47,52,
7,22,28,41,55,
7,22,45,56,59,
7,22,49,50,59,
7,23,24,42,51,
7,23,24,42,55,
7,23,24,49,60,
7,23,27,50,58,
7,23,28,48,53,
7,23,30,45,50,
7,24,26,51,59,
7,24,27,42,47,
7,24,27,50,57,
7,24,42,53,59,
7,24,49,56,59,
7,25,26,45,46,
7,25,28,41,52,
7,25,28,47,50,
7,25,28,57,60,
7,26,27,47,48,
7,26,30,53,57,
7,26,43,50,59,
7,27,28,47,54,
7,27,29,46,52,
7,27,41,52,54,
7,27,46,49,58,
7,27,46,53,58,
7,28,41,55,58,
7,28,43,47,56,
7,28,47,48,53,
7,29,41,42,56,
7,29,41,50,60,
7,29,46,52,55,
7,30,41,50,55,
7,30,41,55,56,
7,30,42,47,51,
7,30,45,50,57,
7,30,49,59,60,
7,41,42,51,58,
7,41,48,51,60,
7,41,49,54,56,
7,8,26,41,45,
7,8,27,41,52,
7,8,28,45,59,
7,8,28,47,49,
7,8,41,45,56,
7,8,41,55,56,
7,9,25,26,60,
7,9,26,43,52,
7,9,28,49,54,
7,9,30,42,45,
7,9,30,42,51,
7,9,30,49,60,
7,9,30,51,56,
7,9,42,43,52,
8,23,27,49,56,
8,23,27,50,55,
8,26,41,49,53,
8,26,45,51,59,
8,26,47,51,55,
8,27,41,52,55,
8,27,42,51,57,
8,27,42,53,59,
8,28,47,49,53,
8,9,27,51,52,
8,9,42,49,51,
8,9,42,49,55,
8,9,42,51,55,
9,10,25,45,56,
9,10,25,52,55,
9,10,27,43,56,
9,10,27,44,45,
9,10,27,51,58,
9,22,27,42,53,
9,22,27,45,56,
9,22,27,49,56,
9,24,27,42,45,
9,24,27,45,50,
9,25,26,45,56,
9,26,43,45,60,
9,26,43,49,60,
9,26,44,45,53,
9,26,45,51,54,
9,26,49,51,58,
9,27,29,50,60,
9,27,30,42,49,
9,27,50,53,58,
9,28,29,50,55,
9,29,42,53,60,
9,29,49,52,60,
9,30,49,51,52,
9,30,49,53,56,
9,42,43,55,60,
9,42,48,53,55,
1,10,22,27,60,
1,10,22,49,60,
1,10,24,26,53,
1,10,24,49,60,
1,10,24,53,60,
1,10,26,30,45,
1,10,26,42,43,
1,10,27,30,50,
1,10,27,58,60,
1,10,28,30,49,
1,10,28,45,58,
1,10,30,42,53,
1,10,44,51,56,
1,2,22,52,53,
1,2,24,28,45,
1,2,25,50,60,
1,2,28,48,53,
1,22,26,49,60,
1,22,42,52,55,
1,22,49,52,56,
1,24,28,45,56,
1,26,28,49,54,
1,27,28,58,60,
1,27,48,50,56,
1,27,48,56,60,
1,28,30,42,45,
1,28,30,50,55,
1,28,42,43,56,
1,28,45,48,52,
1,28,49,52,54,
1,8,26,49,56,
1,8,26,55,60,
1,8,28,53,60,
1,8,42,45,52,
1,8,42,49,56,
1,8,42,55,60,
10,22,28,41,49,
10,22,28,47,49,
10,22,47,51,60,
10,23,24,45,60,
10,23,24,49,52,
10,23,30,50,51,
10,23,44,51,60,
10,23,48,49,56,
10,23,50,53,58,
10,24,27,52,59,
10,24,28,49,57,
10,25,26,46,53,
10,25,26,56,59,
10,25,42,59,60,
10,26,43,46,53,
10,26,44,49,59,
10,27,30,41,42,
10,27,30,41,52,
10,28,29,42,59,
10,28,30,41,45,
10,28,30,41,53,
10,28,30,47,49,
10,28,43,47,56,
10,28,44,49,59,
10,29,41,50,56,
10,29,42,47,56,
10,30,42,45,59,
10,30,42,53,57,
10,30,50,55,59,
10,41,45,54,56,
10,42,43,56,59,
10,42,49,54,59,
10,43,46,52,55,
10,43,50,52,59,
10,44,46,53,55,
10,44,50,51,57,
2,10,23,43,60,
2,10,24,45,47,
2,10,27,30,57,
2,10,30,45,47,
2,22,27,52,57,
2,22,28,47,53,
2,22,41,50,53,
2,22,42,47,53,
2,22,42,53,57,
2,22,45,46,55,
2,22,45,47,60,
2,22,47,50,51,
2,23,26,53,54,
2,23,28,51,58,
2,23,44,49,52,
2,23,45,54,56,
2,25,26,57,60,
2,25,47,52,56,
2,26,27,47,48,
2,26,27,54,59,
2,26,30,49,59,
2,26,43,47,56,
2,26,45,54,59,
2,26,48,53,59,
2,27,30,42,47,
2,27,30,59,60,
2,27,44,56,59,
2,27,47,48,60,
2,27,48,57,60,
2,28,30,41,53,
2,28,42,43,57,
2,28,47,51,58,
2,4,22,27,45,
2,4,25,28,51,
2,4,27,30,51,
2,4,27,42,43,
2,4,28,29,55,
2,5,26,44,53,
2,5,27,48,50,
2,5,28,48,53,
2,5,30,51,52,
2,6,22,51,53,
2,6,25,50,51,
2,6,26,43,53,
2,6,29,51,56,
2,6,29,51,60,
2,7,23,26,58,
2,7,28,48,57,
2,7,30,47,60,
2,7,41,42,54,
2,8,28,41,53,
2,8,28,55,57,
2,8,41,49,52,
2,8,42,47,53,
2,9,24,45,50,
2,9,27,50,58,
2,9,30,50,51,
2,9,30,51,60,
2,9,42,44,53,
4,10,24,51,55,
4,10,29,53,56,
4,10,29,55,60,
4,10,42,43,51,
4,22,45,55,60,
4,24,28,53,55,
4,24,49,53,60,
4,25,28,42,45,
4,25,42,51,60,
4,25,45,52,60,
4,26,27,53,54,
4,26,43,50,53,
4,27,30,42,53,
4,27,42,44,55,
4,27,44,45,56,
4,27,50,53,54,
4,28,29,42,53,
4,28,44,49,51,
4,28,49,55,58,
4,29,42,52,55,
4,30,45,52,55,
4,7,22,45,56,
4,7,24,26,55,
4,7,24,42,51,
4,7,26,45,48,
4,7,27,42,54,
4,7,28,51,58,
4,7,28,53,58,
4,8,27,42,45,
5,10,22,26,53,
5,10,22,53,56,
5,10,24,55,56,
5,10,25,42,56,
5,10,26,44,53,
5,10,27,30,60,
5,10,27,48,52,
5,10,28,44,49,
5,10,28,45,58,
5,10,42,48,51,
5,22,28,42,45,
5,22,28,50,51,
5,24,26,42,55,
5,24,28,50,55,
5,24,28,51,60,
5,24,28,53,56,
5,24,42,49,60,
5,24,45,50,60,
5,25,26,56,60,
5,25,28,50,52,
5,25,50,56,60,
5,26,28,43,56,
5,26,30,51,56,
5,26,42,45,58,
5,27,50,54,60,
5,28,30,51,60,
5,7,26,50,58,
6,10,25,28,51,
6,10,26,43,49,
6,10,27,29,52,
6,10,27,30,45,
6,10,29,45,50,
6,10,29,49,56,
6,22,27,42,55,
6,24,27,51,60,
6,24,28,45,55,
6,24,42,49,55,
6,26,27,44,53,
6,26,45,48,55,
6,26,48,49,55,
6,26,48,51,53,
6,27,28,43,52,
6,27,28,48,51,
6,27,28,49,54,
6,27,30,42,45,
6,27,42,49,58,
6,27,45,52,58,
6,27,45,54,60,
6,27,48,49,60,
6,27,49,58,60,
6,28,43,50,51,
6,28,49,53,54,
6,29,42,45,56,
6,29,42,53,56,
6,29,49,50,52,
6,7,22,28,53,
6,7,22,42,53,
6,7,22,42,55,
6,7,24,27,56,
6,7,25,28,42,
6,7,26,44,49,
6,7,27,30,50,
6,7,27,42,48,
6,8,27,49,56,
6,8,27,53,56,
7,10,22,28,59,
7,10,41,52,54,
7,10,41,52,58,
7,10,42,48,57,
7,10,42,48,59,
7,22,26,47,60,
7,22,27,46,56,
7,23,26,42,54,
7,23,26,56,58,
7,23,28,52,54,
7,23,28,52,58,
7,24,41,50,56,
7,24,46,52,53,
7,26,28,48,57,
7,26,28,54,59,
7,26,30,50,59,
7,26,30,56,57,
7,26,43,46,60,
7,26,47,52,58,
7,26,48,59,60,
7,27,28,46,54,
7,28,30,56,59,
7,28,41,54,56,
7,28,42,57,58,
7,28,44,52,59,
7,28,48,52,59,
7,30,46,53,56,
7,41,50,56,58,
7,8,28,42,47,
7,9,26,28,48,
7,9,26,50,58,
7,9,28,44,56,
7,9,42,54,56,
8,10,26,55,59,
8,23,42,50,51,
8,23,45,50,56,
8,23,45,52,60,
8,23,49,50,52,
8,26,45,52,57,
8,27,46,49,52,
8,28,42,49,59,
8,28,42,55,57,
8,28,45,59,60,
8,28,46,51,53,
8,9,26,27,50,
8,9,26,27,60,
8,9,26,55,60,
9,10,22,27,42,
9,10,22,28,45,
9,10,24,28,49,
9,10,27,30,52,
9,10,27,48,56,
9,10,30,50,51,
9,10,42,44,53,
9,22,26,49,52,
9,24,26,49,52,
9,24,26,52,55,
9,24,28,42,53,
9,24,28,49,60,
9,24,42,50,53,
9,26,28,43,56,
9,26,28,48,51,
9,26,42,44,51,
9,26,42,49,54,
9,26,48,53,60,
9,26,49,50,58,
9,27,28,42,44,
9,28,42,48,53,
9,28,43,52,56,
9,28,44,50,55,
9,28,49,58,60,
9,29,42,52,60,
9,29,42,56,60,
1,10,24,26,60,
1,10,42,44,60,
1,10,42,48,52,
1,10,44,50,56,
1,2,22,28,50,
1,26,28,44,52,
1,26,30,42,60,
1,26,48,50,60,
10,23,28,42,44,
10,23,28,42,48,
10,24,28,59,60,
10,24,42,52,57,
10,26,30,47,56,
10,26,41,52,54,
10,26,47,52,58,
10,28,44,46,51,
10,28,46,51,58,
10,41,42,52,58,
10,41,50,58,60,
10,42,50,54,57,
10,44,46,55,60,
2,10,23,30,60,
2,10,28,30,41,
2,22,42,46,53,
2,22,42,57,60,
2,24,26,47,60,
2,26,28,47,58,
2,26,48,52,57,
2,29,46,52,60,
2,4,24,42,53,
2,4,26,27,44,
2,4,26,53,58,
2,4,27,44,60,
2,4,30,45,50,
2,5,22,28,52,
2,5,24,28,50,
2,5,26,28,48,
2,6,24,49,60,
2,6,27,44,52,
2,6,28,45,58,
2,6,28,53,54,
2,6,30,42,53,
2,6,30,50,51,
2,6,30,55,60,
2,8,42,46,51,
4,10,28,29,56,
4,22,26,49,50,
4,22,26,51,60,
4,22,27,42,50,
4,22,28,45,50,
4,22,42,50,51,
4,24,26,45,56,
4,24,27,50,52,
4,25,26,42,50,
4,27,48,52,56,
4,28,30,49,60,
4,28,30,50,53,
4,28,42,43,60,
4,30,49,52,56,
4,7,26,30,56,
4,8,26,42,49,
4,8,28,45,52,
4,8,42,50,51,
4,8,42,55,56,
5,10,26,30,60,
5,10,28,44,50,
5,10,28,52,54,
5,26,28,44,56,
5,26,28,52,58,
5,28,42,44,60,
6,10,24,49,50,
6,10,25,26,42,
6,10,30,45,52,
6,10,44,55,56,
6,22,26,53,60,
6,22,27,42,50,
6,24,26,49,52,
6,26,28,48,53,
6,26,48,49,56,
6,27,42,44,60,
6,28,29,50,52,
6,28,43,52,56,
6,7,22,26,42,
6,7,22,52,60,
6,8,28,55,56,
7,22,46,50,52,
7,24,28,46,50,
7,26,46,58,60,
8,10,28,42,57,
8,10,41,50,52,
8,23,26,42,56,
8,26,41,50,56,
8,26,42,46,51,
8,26,42,47,60,
8,28,42,47,56,
8,9,26,28,52,
9,10,28,42,44,
9,24,42,52,60,
9,26,42,48,52,
9,26,50,56,58,
1,10,25,45,51,
1,2,27,29,55,
1,22,45,49,53,
1,25,28,45,55,
1,25,45,50,51,
1,25,45,53,60,
1,25,49,53,56,
1,27,45,53,58,
1,27,45,55,58,
1,28,43,45,51,
1,30,49,51,55,
1,7,25,42,45,
1,7,25,45,56,
1,7,27,44,53,
1,7,27,53,54,
1,7,28,43,51,
1,7,29,53,60,
1,7,30,51,55,
10,25,27,41,49,
10,25,27,47,55,
10,27,29,49,59,
10,27,29,55,57,
10,29,49,51,57,
2,23,27,43,49,
2,25,45,47,53,
2,27,29,55,59,
2,29,45,47,55,
2,29,49,53,57,
2,5,25,45,53,
2,5,27,29,49,
2,5,29,45,51,
2,7,23,25,45,
2,7,23,43,51,
2,7,25,45,57,
2,7,25,49,57,
2,7,29,41,53,
2,9,25,45,55,
2,9,25,51,53,
2,9,27,43,49,
2,9,29,49,55,
2,9,29,53,55,
2,9,43,49,55,
4,29,45,49,51,
5,24,27,45,49,
5,24,27,49,51,
5,25,26,45,55,
5,25,26,49,55,
5,27,43,45,60,
5,28,29,53,55,
5,29,45,50,51,
5,30,49,51,55,
5,7,26,29,45,
6,25,45,49,55,
6,25,49,51,55,
6,7,25,27,45,
7,10,23,25,49,
7,10,41,43,55,
7,22,27,41,49,
7,22,45,51,57,
7,23,24,45,51,
7,23,25,50,55,
7,23,27,43,50,
7,23,29,42,49,
7,23,43,45,60,
7,23,48,49,53,
7,25,26,47,53,
7,25,27,41,60,
7,25,28,51,57,
7,25,45,59,60,
7,26,29,51,57,
7,26,41,43,51,
7,27,29,45,46,
7,27,30,41,53,
7,27,30,51,57,
7,27,43,56,57,
7,27,48,51,57,
7,27,48,55,59,
7,29,42,53,59,
7,30,49,51,59,
7,8,41,49,55,
7,9,25,26,53,
7,9,27,51,58,
7,9,29,51,60,
8,27,47,49,51,
8,41,49,51,55,
9,10,25,45,53,
9,10,25,49,55,
9,22,27,51,53,
9,25,45,50,51,
9,25,49,50,51,
9,26,27,43,45,
9,27,43,50,51,
9,27,44,45,55,
9,28,29,45,49,
9,29,42,51,53,
9,29,45,53,60,
9,29,50,51,55,
9,42,43,51,53,
1,10,29,53,59,
1,2,25,47,55,
1,2,29,41,45,
1,23,24,49,51,
1,23,24,51,53,
1,23,26,43,55,
1,25,47,49,56,
1,26,27,43,47,
1,27,29,50,57,
1,28,29,51,59,
1,28,43,45,59,
1,5,22,53,55,
1,5,25,27,50,
1,5,25,55,56,
1,5,29,50,53,
1,6,27,43,53,
1,7,23,48,51,
1,7,25,26,41,
1,7,29,46,53,
1,7,41,43,56,
1,9,27,30,53,
10,23,27,43,57,
10,25,45,57,59,
2,7,23,41,43,
2,9,25,55,57,
2,9,29,49,57,
2,9,43,51,59,
4,23,29,45,55,
4,23,43,51,55,
4,29,41,45,53,
4,5,27,43,49,
4,7,25,49,59,
4,9,29,51,55,
4,9,43,51,53,
5,23,30,49,53,
5,24,27,45,47,
5,25,27,59,60,
5,25,28,47,49,
5,26,27,43,59,
5,26,29,49,57,
5,26,43,51,57,
5,27,29,47,50,
5,27,29,50,57,
5,27,29,56,57,
5,27,30,45,47,
5,27,41,51,54,
5,27,49,54,57,
5,28,29,55,59,
5,29,45,56,57,
5,6,27,43,53,
5,7,23,25,50,
5,7,27,47,58,
5,7,28,29,47,
5,8,41,45,53,
5,9,22,45,53,
5,9,25,26,45,
5,9,25,42,49,
5,9,25,50,53,
5,9,27,43,50,
6,23,43,45,53,
6,25,41,49,55,
6,27,43,47,53,
6,7,23,43,45,
6,7,25,27,57,
7,22,41,47,55,
7,22,41,53,59,
7,22,47,51,59,
7,23,24,51,57,
7,23,25,46,55,
7,23,27,44,47,
7,23,41,45,58,
7,23,43,52,59,
7,26,29,41,59,
7,27,44,57,59,
7,28,29,41,59,
7,9,22,41,55,
7,9,23,29,50,
7,9,30,53,59,
8,23,27,47,53,
8,23,41,51,55,
9,10,23,27,43,
9,22,49,51,57,
9,23,24,49,53,
9,23,25,55,56,
9,23,27,49,54,
9,23,29,42,45,
9,23,45,53,58,
9,24,27,53,59,
9,25,41,53,56,
9,25,42,51,59,
9,26,27,43,57,
9,27,43,46,51,
9,27,44,49,57,
9,27,48,53,59,
9,29,45,47,56,
9,30,45,53,59,
1,10,30,46,60,
1,26,28,46,58,
1,30,46,56,60,
1,4,22,42,60,
1,4,28,50,54,
1,6,22,26,50,
1,6,24,42,60,
1,6,28,44,50,
1,8,26,46,56,
10,22,23,42,46,
10,23,30,46,50,
10,23,30,46,60,
10,30,46,47,52,
10,30,46,52,57,
10,41,46,54,56,
2,10,24,46,59,
2,23,46,50,54,
2,4,22,56,57,
2,4,24,41,52,
2,4,26,30,57,
2,4,28,41,44,
2,4,28,41,48,
2,4,30,52,57,
2,5,30,46,60,
2,6,23,30,42,
2,6,23,42,54,
2,6,26,48,57,
2,9,28,44,46,
4,10,22,41,42,
4,10,30,41,42,
4,10,44,57,60,
4,22,26,52,59,
4,22,28,50,59,
4,22,45,46,56,
4,22,46,49,52,
4,23,26,52,58,
4,23,42,48,60,
4,24,26,47,56,
4,24,27,46,52,
4,24,46,50,53,
4,26,42,47,54,
4,26,44,46,51,
4,26,46,53,58,
4,27,46,54,60,
4,28,30,41,50,
4,28,30,57,60,
4,28,41,48,56,
4,28,45,46,58,
4,28,48,52,59,
4,28,50,54,57,
4,30,41,52,56,
4,30,42,46,53,
4,30,42,47,56,
4,30,47,52,60,
4,5,22,26,50,
4,5,28,52,58,
4,6,24,42,45,
4,6,25,26,52,
4,6,26,48,53,
4,6,27,52,58,
4,8,27,46,50,
4,8,41,42,56,
4,9,22,52,60,
4,9,24,42,60,
5,28,46,50,54,
5,6,24,26,56,
5,6,26,48,52,
5,6,26,52,54,
5,6,30,42,56,
6,10,24,45,46,
6,10,26,41,48,
6,10,30,41,56,
6,10,44,59,60,
6,22,23,42,60,
6,22,26,42,57,
6,22,27,46,50,
6,22,41,42,52,
6,22,41,56,60,
6,23,26,44,52,
6,23,28,52,58,
6,23,30,50,52,
6,24,41,52,60,
6,26,28,54,57,
6,26,30,41,56,
6,26,48,56,59,
6,28,30,41,42,
6,28,41,44,56,
6,28,44,46,55,
6,28,48,52,57,
6,30,46,51,56,
6,8,28,46,49,
6,8,41,52,60,
6,8,42,47,52,
6,9,26,56,58,
8,10,23,28,46,
8,10,28,46,57,
8,9,42,46,52,
9,22,26,42,46,
9,28,44,46,60,
1,10,22,26,41,
1,10,22,41,42,
1,10,23,42,54,
1,10,23,48,50,
1,10,28,41,54,
1,10,30,42,57,
1,2,22,23,56,
1,2,24,50,57,
1,2,26,30,59,
1,2,29,46,52,
1,22,26,46,53,
1,22,26,52,59,
1,22,27,46,56,
1,23,26,58,60,
1,23,44,50,60,
1,24,26,52,59,
1,24,41,50,56,
1,24,42,50,59,
1,24,42,57,60,
1,26,41,58,60,
1,28,30,41,52,
1,28,30,50,57,
1,28,44,46,51,
1,28,47,50,58,
1,30,41,50,52,
1,30,42,57,60,
1,4,22,28,49,
1,4,24,27,56,
1,4,24,55,60,
1,4,25,26,42,
1,4,26,43,60,
1,4,26,48,51,
1,4,30,42,49,
1,5,22,26,56,
1,5,24,50,56,
1,5,28,50,58,
1,6,22,42,51,
1,6,24,27,60,
1,6,25,52,60,
1,6,28,48,55,
1,6,28,53,58,
1,6,30,49,60,
1,6,30,51,60,
1,7,26,30,46,
1,8,23,42,60,
1,9,22,28,42,
1,9,26,42,44,
1,9,26,48,60,
1,9,28,42,54,
10,22,41,56,57,
10,23,30,46,55,
10,23,42,44,59,
10,23,46,49,54,
10,24,47,52,57,
10,26,44,47,57,
10,28,41,44,57,
10,30,41,47,60,
10,41,46,54,55,
10,41,47,54,60,
10,44,46,51,57,
10,44,47,57,60,
2,10,23,30,41,
2,23,25,42,46,
2,23,30,46,53,
2,23,30,56,59,
2,23,44,50,59,
2,23,46,48,51,
2,23,50,54,59,
2,24,47,50,59,
2,24,47,56,57,
2,25,28,46,59,
2,25,42,46,57,
2,27,44,46,57,
2,28,41,54,59,
2,28,44,57,59,
2,28,47,48,57,
2,29,46,47,52,
2,4,24,45,59,
2,4,25,28,41,
2,4,25,42,59,
2,5,22,26,41,
2,5,23,28,48,
2,5,23,30,50,
2,5,23,48,60,
2,5,24,46,55,
2,5,25,46,60,
2,6,22,41,49,
2,6,23,25,50,
2,6,23,25,52,
2,6,23,26,43,
2,6,25,41,50,
2,6,25,41,56,
2,6,29,52,57,
2,6,30,47,51,
2,7,30,46,57,
2,8,23,41,42,
2,8,27,46,59,
2,8,41,56,57,
2,9,23,52,54,
2,9,24,56,57,
2,9,27,46,48,
2,9,29,46,50,
2,9,30,57,60,
2,9,41,56,58,
4,10,23,26,43,
4,10,24,41,55,
4,10,24,47,51,
4,10,25,41,42,
4,10,25,47,60,
4,10,25,50,57,
4,10,27,30,41,
4,10,27,41,48,
4,10,28,43,57,
4,10,41,43,52,
4,10,41,48,51,
4,10,43,57,60,
4,22,23,49,50,
4,22,42,53,57,
4,22,47,51,60,
4,22,47,53,56,
4,23,27,42,58,
4,23,44,51,56,
4,24,26,53,57,
4,24,28,53,57,
4,24,45,52,59,
4,24,47,55,60,
4,25,41,52,56,
4,26,44,49,57,
4,26,45,58,59,
4,27,28,47,58,
4,27,30,47,56,
4,27,41,44,56,
4,28,30,41,49,
4,28,30,51,57,
4,28,41,45,54,
4,28,44,45,57,
4,29,45,46,60,
4,29,47,52,56,
4,29,50,57,60,
4,30,41,50,51,
4,30,41,53,60,
4,30,45,46,53,
4,30,46,49,51,
4,30,47,50,55,
4,30,47,52,53,
4,5,24,28,51,
4,5,26,43,50,
4,5,30,55,56,
4,6,24,45,55,
4,6,24,49,53,
4,6,25,49,56,
4,6,26,43,53,
4,6,27,30,51,
4,6,27,30,53,
4,6,30,51,55,
4,7,23,24,42,
4,7,23,30,60,
4,7,25,28,46,
4,7,30,42,47,
4,8,23,27,56,
4,8,26,41,49,
4,8,26,45,47,
4,8,27,59,60,
4,8,41,49,56,
4,8,41,51,52,
4,8,42,47,51,
4,8,42,51,59,
4,9,22,53,60,
4,9,24,27,42,
4,9,24,50,53,
4,9,25,42,50,
4,9,26,29,52,
4,9,26,48,53,
4,9,28,44,53,
4,9,30,45,52,
4,9,30,51,60,
4,9,30,53,60,
4,9,42,49,58,
5,10,26,30,47,
5,10,26,48,59,
5,22,27,46,56,
5,23,26,48,60,
5,23,30,42,50,
5,23,42,50,58,
5,23,42,52,54,
5,24,28,47,52,
5,25,46,50,52,
5,26,30,52,57,
5,26,42,48,59,
5,28,41,58,60,
5,30,41,42,56,
5,30,41,52,56,
5,30,41,52,60,
5,30,45,46,52,
5,6,24,55,56,
5,6,27,30,42,
5,6,28,45,48,
5,8,41,42,60,
5,9,22,26,42,
5,9,22,42,50,
6,10,22,41,51,
6,10,23,43,56,
6,10,23,53,58,
6,10,24,53,57,
6,10,30,55,57,
6,10,41,45,54,
6,10,44,55,59,
6,22,27,47,52,
6,22,49,50,57,
6,23,24,42,49,
6,23,24,55,56,
6,23,27,44,52,
6,23,28,44,55,
6,23,28,55,58,
6,23,43,52,56,
6,23,45,54,60,
6,24,27,59,60,
6,24,28,49,59,
6,24,41,42,55,
6,24,41,49,56,
6,24,42,45,59,
6,24,45,46,53,
6,24,45,47,56,
6,24,47,49,56,
6,24,47,55,60,
6,24,49,57,60,
6,25,26,50,57,
6,25,26,50,59,
6,25,42,46,51,
6,25,42,47,56,
6,25,46,50,55,
6,25,46,52,55,
6,26,30,55,59,
6,26,41,43,60,
6,26,42,43,59,
6,26,44,47,53,
6,26,49,54,59,
6,27,28,41,44,
6,27,28,48,59,
6,27,47,48,52,
6,28,41,43,60,
6,28,41,48,53,
6,28,41,54,55,
6,28,43,52,59,
6,28,45,48,59,
6,28,45,57,58,
6,28,47,53,58,
6,29,46,55,60,
6,30,41,51,60,
6,30,42,45,59,
6,7,22,41,60,
6,7,23,28,58,
6,7,26,58,59,
6,7,30,47,52,
6,7,41,44,60,
6,8,23,26,45,
6,8,27,28,57,
6,8,27,50,57,
6,9,25,26,52,
6,9,28,42,43,
6,9,30,45,50,
6,9,30,49,52,
7,10,23,46,58,
7,23,46,50,58,
7,23,46,54,60,
7,30,41,46,56,
8,23,28,47,52,
8,23,41,50,56,
8,23,42,46,51,
8,26,28,41,57,
8,26,47,52,59,
8,27,41,46,56,
8,27,46,47,52,
8,28,41,52,57,
8,41,50,57,60,
8,9,26,59,60,
8,9,28,45,46,
9,10,22,28,57,
9,10,25,42,46,
9,10,27,46,58,
9,10,44,47,56,
9,22,28,41,52,
9,22,28,59,60,
9,23,30,50,52,
9,23,44,50,52,
9,24,28,41,52,
9,26,27,46,48,
9,26,30,50,57,
9,26,42,54,57,
9,26,48,59,60,
9,27,46,52,54,
9,28,29,46,50,
9,28,41,42,58,
9,28,41,54,60,
9,28,42,47,58,
9,30,50,59,60,
9,41,42,52,54,
1,10,24,41,55,
1,10,25,42,59,
1,10,41,43,56,
1,2,23,25,52,
1,2,23,26,43,
1,2,23,44,45,
1,2,28,29,41,
1,22,26,49,59,
1,22,27,52,59,
1,22,41,51,60,
1,23,25,56,60,
1,23,26,49,58,
1,23,28,49,54,
1,23,30,42,51,
1,23,30,49,56,
1,23,44,49,52,
1,23,48,49,56,
1,24,27,42,47,
1,24,27,57,60,
1,24,28,45,59,
1,24,42,53,59,
1,24,46,49,51,
1,24,47,50,55,
1,24,49,52,59,
1,25,28,47,60,
1,27,28,47,48,
1,27,29,46,56,
1,27,41,58,60,
1,27,44,47,60,
1,27,44,57,60,
1,27,45,46,58,
1,28,41,53,54,
1,28,45,54,57,
1,28,47,54,55,
1,4,25,27,60,
1,4,26,29,51,
1,4,27,29,52,
1,4,28,29,51,
1,4,28,43,53,
1,5,22,42,55,
1,5,24,42,45,
1,5,24,55,56,
1,5,27,58,60,
1,6,24,51,55,
1,6,25,27,50,
1,6,25,42,45,
1,6,26,29,53,
1,6,26,43,51,
1,6,27,43,60,
1,6,29,50,55,
1,6,29,53,56,
1,7,22,47,52,
1,7,30,46,49,
1,8,23,28,49,
1,8,27,52,59,
1,8,28,41,55,
1,8,28,53,57,
1,9,22,28,51,
1,9,22,55,60,
1,9,24,45,60,
1,9,24,55,56,
10,22,23,41,51,
10,23,24,49,57,
10,23,25,52,59,
10,23,25,56,57,
10,23,26,43,47,
10,23,29,56,57,
10,23,43,56,59,
10,25,42,47,57,
10,27,30,41,47,
10,27,41,48,57,
10,28,41,43,59,
10,41,47,55,58,
2,10,29,41,59,
2,23,30,41,49,
2,23,30,53,57,
2,23,30,55,57,
2,23,44,47,55,
2,27,30,41,47,
2,27,47,48,59,
2,28,43,57,59,
2,4,23,25,45,
2,4,23,43,51,
2,4,27,43,57,
2,5,22,41,53,
2,5,23,25,50,
2,5,24,47,49,
2,5,24,53,59,
2,5,25,41,42,
2,5,25,42,57,
2,5,25,50,59,
2,5,30,49,59,
2,5,30,53,59,
2,6,25,49,59,
2,6,29,41,45,
2,7,23,41,54,
2,7,23,41,58,
2,7,23,43,46,
2,7,41,47,54,
2,7,41,47,58,
2,8,23,41,45,
2,9,22,41,53,
2,9,23,25,42,
2,9,23,55,58,
2,9,24,49,59,
2,9,25,27,46,
2,9,28,43,47,
4,10,25,49,59,
4,10,27,29,41,
4,22,45,55,57,
4,23,25,42,53,
4,23,27,44,53,
4,23,45,54,55,
4,23,49,54,55,
4,24,41,49,55,
4,24,45,53,57,
4,25,27,41,60,
4,25,27,59,60,
4,25,28,49,59,
4,25,41,55,60,
4,26,29,41,53,
4,27,30,55,59,
4,27,42,43,59,
4,27,43,46,53,
4,27,44,49,57,
4,28,29,41,53,
4,28,43,53,59,
4,29,42,51,59,
4,30,45,55,59,
4,5,22,27,53,
4,5,24,45,53,
4,5,24,49,55,
4,5,25,51,60,
4,5,26,29,53,
4,6,27,43,49,
4,7,22,23,55,
4,7,27,30,41,
4,7,28,43,59,
4,7,41,54,55,
4,9,24,27,45,
4,9,24,45,49,
4,9,28,29,53,
4,9,43,45,56,
5,10,22,49,59,
5,10,23,27,58,
5,10,25,28,57,
5,10,28,29,47,
5,22,27,46,49,
5,22,28,47,51,
5,22,28,51,57,
5,23,27,58,60,
5,23,28,45,48,
5,23,49,52,54,
5,23,49,56,58,
5,24,42,45,57,
5,24,47,50,53,
5,24,50,51,57,
5,24,50,53,57,
5,25,26,52,57,
5,25,47,52,60,
5,25,50,52,59,
5,26,47,48,53,
5,27,28,57,58,
5,27,29,42,46,
5,27,29,46,56,
5,27,30,56,57,
5,27,41,44,52,
5,27,42,57,58,
5,28,30,45,57,
5,28,43,46,51,
5,28,44,47,51,
5,28,44,47,53,
5,28,44,47,55,
5,28,49,54,59,
5,29,42,52,59,
5,29,42,57,60,
5,29,45,46,60,
5,29,47,52,60,
5,6,27,43,50,
5,7,22,23,56,
5,7,22,42,47,
5,7,30,42,57,
5,8,23,49,52,
5,8,27,28,41,
5,8,27,41,52,
5,8,28,53,57,
5,8,41,50,53,
5,8,41,53,56,
5,8,42,45,57,
5,9,22,28,45,
5,9,22,28,49,
5,9,22,45,52,
5,9,27,48,52,
6,10,25,51,57,
6,22,27,47,53,
6,22,45,47,55,
6,23,25,42,49,
6,23,26,43,53,
6,24,45,55,57,
6,24,45,55,59,
6,25,26,51,57,
6,25,26,51,59,
6,25,27,47,56,
6,25,28,45,57,
6,25,28,53,59,
6,25,41,50,55,
6,25,42,47,53,
6,25,47,49,52,
6,25,49,50,59,
6,25,50,53,59,
6,26,29,41,51,
6,26,43,45,57,
6,26,43,51,57,
6,27,29,50,59,
6,27,48,53,59,
6,28,29,41,55,
6,29,42,47,51,
6,29,45,52,59,
6,30,41,51,53,
6,30,45,49,59,
6,7,22,41,53,
6,7,22,51,59,
6,7,24,41,45,
6,7,25,28,47,
6,7,27,41,48,
6,7,41,48,51,
6,7,41,49,54,
6,8,27,49,57,
6,9,24,27,49,
6,9,24,49,55,
6,9,26,29,49,
6,9,27,28,43,
6,9,27,48,49,
6,9,27,48,53,
6,9,43,51,56,
7,10,24,57,59,
7,10,29,46,59,
7,10,30,41,59,
7,22,23,42,47,
7,22,23,47,52,
7,22,46,55,59,
7,23,28,44,47,
7,23,30,46,51,
7,23,46,54,55,
7,28,47,54,59,
7,28,47,58,59,
7,29,46,52,57,
7,30,47,52,57,
7,8,23,50,57,
7,8,27,41,46,
7,8,41,46,51,
7,9,22,41,42,
7,9,23,44,50,
7,9,24,47,60,
7,9,26,30,57,
7,9,26,58,59,
8,23,27,42,59,
8,23,41,42,55,
8,23,45,56,59,
8,23,46,49,55,
8,23,50,55,59,
8,41,42,55,57,
8,9,26,45,47,
8,9,41,50,53,
8,9,42,45,57,
8,9,42,47,53,
9,10,24,49,57,
9,10,24,51,59,
9,10,24,53,59,
9,22,26,41,55,
9,22,41,55,56,
9,22,42,49,57,
9,22,42,55,57,
9,22,47,51,60,
9,23,26,48,49,
9,23,28,45,48,
9,23,28,53,58,
9,24,45,47,56,
9,25,46,50,55,
9,26,30,41,45,
9,27,28,48,57,
9,27,30,41,50,
9,27,41,54,60,
9,27,44,46,55,
9,27,45,46,54,
9,27,47,48,56,
9,27,50,58,59,
9,28,41,44,55,
9,29,46,52,53,
9,29,50,52,59,
9,30,46,49,51,
9,30,49,56,57,
9,30,49,59,60,
9,42,45,58,59,
1,10,21,29,42,
1,10,21,50,61,
1,10,23,44,65,
1,10,26,47,61,
1,10,41,45,70,
1,2,21,27,48,
1,2,21,48,65,
1,2,24,45,47,
1,2,25,42,47,
1,2,26,29,41,
1,2,27,41,62,
1,2,28,41,61,
1,2,29,45,68,
1,21,28,48,65,
1,22,47,50,65,
1,22,49,50,67,
1,23,28,62,65,
1,23,49,50,62,
1,23,50,65,66,
1,25,42,45,68,
1,25,42,46,65,
1,25,42,65,68,
1,25,46,50,65,
1,26,27,47,70,
1,26,28,41,61,
1,26,30,41,65,
1,26,30,45,47,
1,26,30,49,63,
1,26,41,45,66,
1,26,49,63,70,
1,27,30,42,63,
1,27,44,46,69,
1,27,50,62,63,
1,28,29,45,46,
1,28,44,45,67,
1,28,44,63,69,
1,28,45,47,70,
1,28,50,61,63,
1,3,21,26,50,
1,3,23,26,42,
1,3,28,46,65,
1,30,45,46,69,
1,4,29,42,49,
1,5,25,28,50,
1,5,26,27,48,
1,5,26,45,70,
1,5,30,42,49,
1,6,27,43,50,
1,6,28,61,65,
1,7,23,24,42,
1,7,23,48,50,
1,7,24,45,68,
1,7,24,47,50,
1,7,24,49,68,
1,7,28,30,47,
1,7,28,62,63,
1,8,21,42,69,
1,8,26,41,49,
1,9,22,42,65,
1,9,30,45,50,
10,21,22,45,63,
10,21,23,42,43,
10,21,25,42,63,
10,21,25,50,63,
10,21,30,45,67,
10,21,41,44,69,
10,21,47,65,66,
10,22,23,47,69,
10,22,47,49,67,
10,23,24,49,63,
10,23,25,46,65,
10,23,27,43,68,
10,23,41,50,61,
10,26,29,41,67,
10,27,41,44,63,
10,27,41,67,70,
10,28,29,47,67,
10,28,43,47,63,
10,29,41,65,68,
10,30,47,65,67,
10,41,50,61,63,
10,43,47,68,69,
2,10,23,43,67,
2,21,22,47,49,
2,21,23,44,69,
2,21,25,46,69,
2,21,27,41,66,
2,21,30,45,67,
2,21,41,62,65,
2,21,44,49,67,
2,21,48,63,69,
2,23,41,49,70,
2,23,45,62,63,
2,25,27,47,68,
2,25,46,67,69,
2,26,43,47,63,
2,27,41,47,66,
2,29,47,50,67,
2,3,28,47,63,
2,4,21,25,45,
2,5,29,41,50,
2,6,21,43,45,
2,6,23,29,49,
2,6,25,47,49,
2,6,25,49,67,
2,7,21,41,66,
2,7,21,47,48,
2,7,23,25,46,
2,8,21,47,69,
2,8,41,47,65,
2,9,21,45,66,
2,9,22,27,41,
2,9,23,29,50,
2,9,25,26,47,
2,9,25,45,68,
2,9,27,43,46,
2,9,28,61,63,
2,9,29,46,69,
3,10,27,46,67,
3,10,41,65,68,
3,23,49,50,68,
3,26,27,46,63,
3,26,41,46,69,
3,26,45,47,68,
3,27,41,50,68,
3,27,42,46,63,
3,5,23,42,50,
3,5,28,41,50,
3,6,27,41,42,
3,7,28,47,68,
3,9,21,26,50,
3,9,26,28,41,
4,10,21,43,65,
4,21,45,64,69,
4,22,45,63,65,
4,23,25,42,69,
4,23,29,42,69,
4,23,45,49,62,
4,23,49,62,69,
4,23,49,64,65,
4,25,28,41,45,
4,25,49,50,67,
4,27,28,61,63,
4,27,47,50,61,
4,27,47,65,66,
4,27,48,67,69,
4,29,41,42,69,
4,29,49,65,68,
4,5,22,45,49,
4,5,25,50,65,
4,5,27,49,62,
4,6,25,45,69,
4,7,21,25,50,
4,7,21,50,61,
4,7,22,27,41,
4,7,24,49,67,
4,7,30,45,67,
4,9,27,45,70,
5,10,23,25,42,
5,10,25,28,41,
5,21,26,45,70,
5,21,27,42,62,
5,21,29,42,50,
5,21,30,42,65,
5,21,30,50,69,
5,21,42,64,69,
5,22,26,47,69,
5,23,28,45,66,
5,23,28,45,70,
5,23,30,42,45,
5,24,41,42,65,
5,24,42,49,67,
5,24,49,50,63,
5,25,50,65,68,
5,26,30,45,67,
5,26,41,45,64,
5,26,45,64,67,
5,26,46,61,65,
5,27,41,42,64,
5,27,45,46,70,
5,28,41,49,62,
5,28,45,62,67,
5,28,47,48,65,
5,6,28,43,69,
5,7,24,42,47,
5,7,26,44,63,
5,8,28,45,63,
5,8,28,47,65,
5,8,28,49,63,
5,9,22,45,50,
5,9,26,45,64,
5,9,28,30,45,
5,9,30,42,65,
6,21,22,49,65,
6,21,27,45,70,
6,23,26,43,49,
6,23,30,49,65,
6,23,30,49,69,
6,23,49,64,65,
6,25,46,65,69,
6,26,27,47,61,
6,27,48,67,69,
6,28,41,61,69,
6,29,45,65,68,
6,29,47,50,65,
6,7,21,22,45,
6,7,21,44,49,
6,7,27,29,46,
6,7,27,41,48,
6,7,28,29,63,
6,7,30,49,63,
6,7,41,48,65,
6,9,25,49,50,
7,10,23,29,46,
7,10,23,41,62,
7,10,23,47,70,
7,10,41,63,64,
7,10,41,67,70,
7,21,28,47,70,
7,21,42,47,64,
7,21,50,63,66,
7,22,41,50,67,
7,22,46,63,65,
7,23,24,42,67,
7,23,27,46,64,
7,23,28,48,67,
7,23,42,46,61,
7,23,42,47,70,
7,23,46,65,70,
7,23,48,50,63,
7,23,50,66,67,
7,24,27,46,67,
7,24,27,47,68,
7,24,28,47,63,
7,24,45,47,68,
7,24,46,63,69,
7,25,46,50,67,
7,27,44,46,67,
7,27,46,47,64,
7,28,30,41,47,
7,29,42,47,68,
7,30,41,45,68,
7,8,27,41,46,
7,8,27,47,68,
7,9,24,42,67,
7,9,24,50,63,
7,9,28,41,62,
7,9,30,49,68,
7,9,41,50,62,
8,10,23,27,47,
8,10,41,63,69,
8,21,23,45,50,
8,21,42,67,69,
8,27,28,47,63,
8,28,47,63,65,
8,9,26,41,49,
8,9,28,49,67,
8,9,41,50,69,
9,10,21,45,48,
9,10,23,48,65,
9,10,24,41,65,
9,10,27,48,63,
9,21,26,43,50,
9,21,26,48,65,
9,21,30,45,50,
9,21,42,45,70,
9,21,45,50,70,
9,22,23,42,45,
9,23,24,42,65,
9,23,30,50,65,
9,23,50,66,69,
9,25,26,42,67,
9,25,26,46,69,
9,25,50,68,69,
9,26,29,49,68,
9,26,30,47,49,
9,26,41,65,66,
9,26,43,46,65,
9,26,44,49,67,
9,26,49,64,67,
9,27,28,47,66,
9,27,30,41,50,
9,27,30,49,68,
9,27,30,50,63,
9,27,42,44,67,
9,27,42,47,64,
9,27,49,64,68,
9,28,29,50,63,
9,28,44,45,67,
9,29,50,68,69,
9,42,49,64,67,
9,42,49,67,70,
