6,22,47,52,57,
9,27,45,48,53,
1,4,21,29,46,
6,10,24,41,46,
5,8,27,50,65,
2,29,41,43,52,
6,23,30,42,50,
1,4,25,41,57,
2,14,31,45,61,
6,30,45,47,58,
6,9,30,42,55,
6,9,26,52,54,
2,4,21,27,44,
6,9,24,46,50,
10,22,27,50,57,
6,23,44,58,60,
1,8,27,50,55,
4,15,24,35,65,
10,33,36,65,67,
2,6,23,25,51,
6,10,21,46,54,
9,27,41,43,58,
1,3,24,41,50,
7,26,29,41,60,
6,24,41,48,60,
5,9,22,26,53,
8,21,25,46,51,
10,23,26,53,58,
2,19,40,61,65,
7,9,22,49,56,
3,13,28,38,55,
6,28,41,43,58,
9,21,29,43,50,
10,22,30,41,47,
7,13,22,35,40,
5,26,48,51,60,
4,19,25,28,47,
6,22,43,46,60,
6,23,50,52,58,
5,8,27,48,53,
9,30,41,46,56,
6,23,28,44,49,
5,28,30,49,56,
10,23,27,44,52,
5,11,20,27,32,
4,19,35,58,63,
5,31,51,56,68,
8,23,42,53,58,
7,18,27,32,61,
7,10,29,43,52,
2,6,27,30,53,
7,23,45,56,58,
3,27,29,43,50,
1,22,25,46,50,
1,25,46,52,57,
7,24,33,45,60,
10,24,41,51,60,
2,10,21,43,54,
1,22,41,46,53,
1,6,30,48,51,
1,3,30,46,53,
3,9,26,29,42,
3,29,41,55,60,
7,9,26,49,58,
7,9,22,32,51,
6,25,29,45,55,
6,24,41,49,53,
1,5,28,30,47,
4,9,23,27,48,
1,25,28,44,47,
3,6,23,52,55,
1,24,26,41,44,
5,10,29,42,55,
2,25,30,43,50,
5,24,26,53,58,
7,27,37,60,68,
6,24,43,52,56,
1,7,22,52,56,
7,21,48,50,57,
1,10,29,46,54,
9,13,20,22,51,
9,27,43,54,58,
8,35,41,53,56,
1,25,30,45,57,
3,6,28,47,52,
6,27,29,48,56,
6,9,21,45,58,
4,10,22,43,52,
7,24,28,47,69,
9,39,45,52,62,
1,16,26,49,51,
5,21,28,46,58,
7,9,29,51,60,
1,8,25,43,56,
4,22,27,57,60,
8,21,23,41,50,
9,28,34,53,65,
2,27,43,48,52,
6,9,22,28,46,
3,21,43,45,54,
2,9,21,24,55,
6,9,30,43,52,
10,19,33,39,64,
2,9,23,44,60,
2,9,12,25,35,
8,10,21,25,51,
1,6,28,43,58,
6,10,23,44,46,
6,27,42,48,51,
1,6,21,48,51,
9,27,30,43,47,
3,5,22,46,51,
1,25,48,50,52,
5,26,44,47,57,
1,10,13,24,31,
4,15,29,50,65,
5,21,24,49,58,
9,28,44,47,52,
6,25,47,56,60,
5,23,29,56,60,
3,5,22,26,50,
6,10,21,44,46,
5,19,36,44,53,
1,7,16,20,45,
9,22,39,49,56,
10,28,44,47,55,
3,28,47,52,56,
3,7,28,41,45,
2,21,29,45,48,
4,25,30,41,49,
1,12,35,51,66,
3,5,26,29,53,
1,6,29,42,46,
8,10,26,57,60,
9,11,36,60,69,
1,30,41,52,57,
9,20,29,32,39,
1,6,24,53,60,
10,23,28,42,54,
4,29,43,46,52,
4,7,34,47,69,
3,6,21,30,49,
1,6,28,47,54,
2,21,46,50,54,
2,26,41,61,65,
6,22,29,46,53,
6,21,29,42,52,
2,23,46,51,58,
3,7,22,47,57,
7,23,49,51,58,
5,21,25,57,60,
1,23,42,46,54,
3,9,21,48,50,
1,28,35,62,69,
2,8,21,51,55,
8,27,33,42,65,
4,26,30,47,55,
5,30,41,45,56,
3,27,44,46,53,
1,30,47,49,58,
3,21,28,45,52,
5,10,25,31,52,
9,22,27,53,57,
8,10,21,26,57,
4,21,39,42,67,
7,25,29,46,55,
4,23,26,44,46,
6,24,47,57,60,
9,21,26,48,55,
5,8,30,47,50,
4,30,43,48,55,
5,7,29,41,56,
2,23,30,41,44,
5,26,28,54,57,
1,10,41,48,57,
3,9,30,42,55,
3,21,29,47,52,
3,9,25,28,55,
1,26,30,45,55,
6,8,23,46,50,
1,30,46,55,58,
10,23,26,41,54,
1,6,23,30,51,
8,23,46,50,54,
1,4,22,49,69,
6,9,22,47,52,
7,13,40,53,70,
2,9,24,41,46,
1,3,27,29,60,
2,5,21,27,54,
5,24,46,49,51,
5,32,44,49,55,
1,4,21,30,54,
3,7,21,28,60,
5,22,26,45,51,
4,8,24,43,46,
7,15,26,53,66,
6,10,22,41,43,
6,8,23,26,43,
10,23,41,48,54,
4,25,43,51,57,
5,8,29,52,56,
5,26,48,52,55,
6,21,24,50,57,
8,31,43,50,53,
2,6,21,24,41,
7,28,55,63,70,
1,4,22,29,47,
9,22,25,42,45,
5,7,22,39,50,
1,28,41,53,58,
10,23,30,41,46,
1,21,30,52,55,
3,28,30,47,60,
2,27,41,44,51,
6,10,23,30,48,
2,24,29,45,57,
5,9,22,27,58,
4,21,24,43,51,
6,10,22,43,57,
7,24,42,47,53,
2,6,23,44,58,
5,28,30,41,48,
7,12,21,51,70,
6,21,25,42,54,
5,21,42,44,55,
1,21,42,47,58,
5,25,27,52,60,
6,21,46,52,58,
4,7,15,25,28,
9,27,30,51,56,
4,6,26,51,54,
10,24,43,46,58,
4,23,44,50,57,
1,27,30,46,53,
7,13,16,41,50,
6,28,43,48,53,
1,22,46,56,60,
2,4,22,26,43,
4,8,21,45,60,
5,7,22,51,58,
8,26,30,45,57,
8,10,22,47,53,
3,21,27,56,58,
6,21,26,48,57,
1,10,24,27,41,
2,6,30,43,57,
8,21,42,46,56,
2,25,37,45,52,
5,22,31,42,53,
2,23,48,53,69,
6,23,48,51,60,
4,27,39,41,44,
7,9,26,48,54,
6,24,42,44,57,
8,27,30,47,55,
5,24,42,56,60,
7,26,30,43,56,
2,21,24,46,56,
5,19,26,50,59,
3,7,28,49,57,
6,24,29,43,52,
4,8,23,25,47,
7,9,21,46,48,
3,9,27,30,45,
4,11,36,45,57,
5,28,30,53,60,
6,23,26,44,47,
2,9,22,44,53,
1,6,24,27,43,
3,21,27,52,56,
2,23,29,48,56,
2,9,24,27,42,
4,6,22,43,48,
1,26,45,54,65,
5,24,45,52,55,
4,31,43,48,55,
9,30,45,50,54,
9,13,27,56,68,
4,10,21,45,54,
3,25,45,52,57,
9,30,43,46,60,
2,8,23,27,45,
8,13,27,37,52,
1,9,26,30,47,
9,12,25,28,39,
5,7,22,46,48,
1,4,30,45,52,
1,25,50,53,56,
9,26,44,46,60,
6,22,27,52,60,
3,7,27,52,57,
5,24,45,47,55,
9,28,30,45,53,
2,7,28,30,43,
7,11,23,28,52,
5,22,48,57,60,
1,21,42,44,55,
3,7,22,47,55,
6,9,26,30,41,
6,10,24,27,49,
3,9,30,43,60,
6,23,46,58,60,
7,22,25,43,53,
2,24,27,41,47,
5,26,42,48,53,
10,19,40,55,67,
4,6,23,44,46,
1,9,25,42,54,
2,5,29,42,52,
5,28,44,49,56,
4,19,39,43,66,
7,10,34,37,55,
3,20,28,35,57,
2,9,23,25,48,
7,9,39,52,70,
3,22,41,46,56,
1,7,25,49,54,
4,6,24,27,41,
1,10,27,48,54,
2,6,26,48,51,
3,28,39,42,47,
3,18,36,53,69,
8,24,27,49,57,
9,28,41,50,58,
2,9,41,46,58,
5,22,26,49,58,
9,23,28,46,58,
8,24,47,49,52,
3,6,21,26,41,
2,9,30,53,60,
2,5,26,29,49,
8,21,27,46,49,
5,10,23,29,44,
6,31,60,65,67,
8,25,41,55,60,
3,7,23,27,44,
5,28,32,53,61,
7,26,47,51,54,
1,3,28,53,57,
5,7,21,25,44,
3,24,42,46,55,
3,7,21,45,54,
9,30,50,55,65,
2,23,29,46,49,
5,31,34,42,51,
2,10,21,51,54,
3,10,25,47,49,
3,21,27,45,60,
9,35,44,53,56,
1,10,29,35,56,
2,7,34,41,51,
2,9,24,49,54,
4,8,23,29,46,
1,6,25,49,54,
4,9,27,48,65,
2,8,30,41,46,
1,4,22,24,53,
9,26,45,48,54,
5,21,30,49,58,
1,28,30,45,53,
2,23,29,46,60,
6,22,25,42,57,
6,8,21,27,41,
7,21,46,48,56,
7,15,31,34,56,
2,16,19,37,49,
6,13,22,27,49,
2,5,23,49,54,
1,10,25,48,51,
9,26,29,42,52,
1,5,24,50,52,
5,8,23,52,57,
2,8,23,29,46,
2,5,24,43,50,
7,21,32,58,65,
5,26,30,41,50,
3,24,43,53,57,
3,17,28,42,69,
6,21,23,42,54,
6,27,30,44,46,
2,5,30,43,51,
3,26,41,44,60,
6,27,39,50,59,
3,10,17,26,39,
6,25,27,44,50,
4,7,14,39,61,
10,25,47,51,58,
4,9,22,41,49,
3,7,26,42,47,
2,6,28,44,53,
5,24,43,55,58,
5,30,45,49,54,
1,9,27,30,44,
2,23,26,56,58,
1,9,24,49,56,
5,10,21,28,54,
8,23,44,47,52,
2,10,21,45,48,
3,9,24,41,52,
8,23,28,43,56,
1,10,29,48,51,
4,6,23,44,49,
7,17,35,60,70,
2,10,21,24,41,
4,9,35,39,58,
4,23,49,52,67,
1,5,28,30,50,
1,27,36,53,68,
2,21,26,55,58,
6,22,47,53,57,
2,12,25,43,53,
6,23,44,46,52,
10,21,43,48,57,
7,28,30,39,63,
9,13,34,49,52,
8,23,29,47,51,
3,5,28,41,43,
2,24,37,45,55,
1,9,23,48,56,
5,22,24,55,57,
2,5,22,35,65,
2,23,25,44,56,
8,10,27,43,51,
2,14,25,31,55,
9,23,48,57,60,
4,10,29,43,45,
7,22,46,50,52,
2,25,31,40,53,
4,21,30,45,48,
8,13,33,60,65,
1,7,28,48,53,
6,21,24,46,60,
3,5,27,43,46,
3,9,21,48,56,
6,25,30,41,51,
7,21,26,43,48,
7,24,26,41,51,
10,24,28,41,45,
4,24,47,55,58,
10,21,46,48,60,
6,24,29,45,57,
2,8,29,41,47,
4,29,41,46,58,
10,22,29,41,55,
6,10,22,47,60,
3,12,19,33,56,
8,19,28,39,43,
4,6,24,49,53,
3,10,21,30,49,
6,8,22,41,60,
5,23,27,44,48,
1,9,30,46,50,
3,9,23,28,57,
7,21,29,50,53,
1,10,24,26,52,
6,9,28,50,58,
3,21,42,45,58,
2,7,30,41,57,
4,15,35,45,70,
7,9,22,46,54,
1,6,26,48,53,
6,8,25,28,41,
3,28,50,52,57,
4,7,22,43,53,
8,23,30,51,56,
6,35,53,56,61,
10,26,33,59,65,
6,8,23,27,52,
7,21,29,44,55,
3,6,24,41,45,
4,27,30,41,65,
5,21,24,49,57,
1,21,44,57,60,
9,32,35,53,66,
2,24,47,53,58,
2,7,25,30,57,
4,27,30,43,45,
2,9,28,44,57,
5,8,21,46,60,
3,6,27,54,60,
1,22,32,49,69,
1,24,29,43,56,
9,25,28,47,56,
4,7,23,42,67,
5,12,34,51,65,
5,10,29,43,46,
1,25,43,46,52,
3,25,43,46,53,
9,27,29,47,50,
3,22,28,43,53,
3,5,26,30,49,
8,27,43,47,60,
3,28,45,51,57,
6,9,26,44,52,
4,22,43,51,56,
7,24,41,56,69,
7,26,35,41,70,
5,27,30,52,54,
6,9,24,42,46,
1,3,12,39,56,
1,7,29,42,45,
6,23,46,48,60,
2,6,30,41,57,
10,12,37,55,59,
9,13,20,24,27,
1,10,24,47,57,
7,21,30,41,50,
2,21,24,43,52,
4,9,27,44,56,
7,34,47,50,53,
2,10,25,27,46,
8,23,26,44,57,
5,9,30,43,60,
2,7,13,16,33,
3,6,30,42,49,
1,4,22,41,47,
7,14,22,31,53,
4,21,42,51,58,
6,25,48,50,53,
1,6,30,42,58,
1,4,27,31,34,
1,10,24,27,49,
1,10,26,30,47,
4,25,28,31,41,
9,25,42,52,56,
2,26,29,33,51,
4,21,23,44,46,
3,28,43,56,60,
6,21,28,46,54,
9,24,29,47,60,
4,9,22,47,50,
1,12,19,39,62,
9,21,29,42,57,
3,6,27,44,51,
2,27,41,53,58,
6,19,27,51,62,
7,21,43,48,55,
4,28,30,43,56,
5,24,49,52,60,
9,26,43,51,54,
2,10,29,46,60,
7,10,23,29,44,
6,9,22,49,52,
1,23,29,56,58,
2,25,29,47,51,
5,11,36,52,69,
1,9,22,51,56,
7,23,26,55,64,
7,9,12,35,62,
4,29,47,52,60,
9,26,44,55,57,
1,8,23,44,52,
9,30,41,51,57,
6,24,46,51,60,
4,23,25,43,55,
1,9,28,44,46,
1,22,27,48,53,
8,27,43,50,60,
3,26,38,49,69,
7,24,46,48,53,
3,7,13,28,38,
10,21,30,47,52,
4,8,29,41,47,
1,3,21,53,60,
9,36,39,44,55,
2,6,29,53,60,
2,12,25,43,69,
7,19,33,50,68,
4,23,25,43,52,
6,24,41,43,60,
6,8,21,47,55,
1,6,30,46,56,
2,21,29,42,49,
5,26,28,49,54,
4,28,43,46,54,
2,9,22,24,46,
5,10,24,47,54,
2,23,30,35,55,
8,17,31,39,60,
1,6,29,44,60,
6,35,51,53,62,
3,5,22,27,46,
6,30,44,46,55,
2,25,41,50,55,
2,11,20,41,51,
7,12,21,39,48,
1,5,24,46,52,
2,8,21,28,49,
3,26,30,47,51,
5,25,46,57,60,
5,26,30,42,46,
1,3,26,45,47,
7,12,34,43,45,
1,12,35,39,54,
6,23,29,41,53,
1,5,28,48,54,
3,9,28,43,46,
9,25,46,53,60,
1,12,32,55,59,
4,21,42,48,53,
4,7,26,47,61,
2,7,28,48,57,
3,10,21,50,56,
5,9,26,41,44,
4,6,25,41,43,
5,10,21,42,54,
2,13,31,43,64,
5,24,30,49,60,
9,25,42,46,53,
1,6,24,28,54,
5,7,19,32,54,
1,21,24,46,50,
4,22,41,48,57,
8,35,52,57,65,
3,6,26,29,55,
4,9,26,42,44,
9,30,45,53,57,
4,9,30,46,57,
10,21,50,65,67,
7,24,32,39,57,
2,7,23,25,52,
3,7,26,57,60,
8,21,27,42,52,
2,5,25,30,53,
1,4,26,29,52,
7,25,29,46,60,
3,24,42,55,57,
1,24,26,42,57,
3,24,27,43,51,
7,22,43,60,65,
8,29,43,50,56,
2,21,46,48,57,
2,8,21,44,57,
2,6,21,48,52,
1,26,48,50,52,
2,10,21,25,51,
3,9,26,52,58,
6,10,25,47,50,
3,21,28,42,48,
6,21,25,42,57,
5,30,43,46,56,
6,8,24,42,47,
4,21,28,44,56,
1,6,21,26,58,
3,6,23,42,60,
10,20,29,43,51,
10,14,27,39,61,
8,10,29,41,45,
4,7,25,46,54,
2,9,35,55,58,
1,4,23,28,58,
6,21,24,42,55,
10,27,29,46,49,
9,22,45,47,54,
5,25,49,54,57,
8,23,46,48,60,
7,9,25,27,52,
3,26,41,57,60,
2,9,25,30,60,
1,6,23,28,54,
1,26,46,54,57,
10,24,31,45,57,
2,6,23,54,57,
5,26,28,47,58,
5,26,29,51,54,
3,9,30,53,60,
4,7,25,47,52,
2,24,26,43,49,
5,7,21,27,44,
10,25,30,45,47,
6,21,43,54,60,
5,7,26,51,58,
3,22,26,45,47,
8,23,41,46,51,
6,8,21,23,42,
7,21,32,53,70,
4,7,27,40,67,
2,29,31,57,60,
2,7,23,49,58,
9,26,29,51,56,
3,6,28,46,57,
10,12,41,67,69,
1,6,25,30,45,
1,3,27,32,36,
7,10,27,41,48,
3,10,21,45,48,
8,22,26,43,47,
6,9,28,45,48,
5,22,27,49,52,
9,22,30,42,53,
5,8,30,41,50,
6,30,43,50,60,
2,6,22,49,51,
1,25,27,51,60,
4,10,31,47,59,
5,10,21,30,41,
1,3,24,27,42,
7,28,41,43,54,
2,9,25,44,56,
7,13,20,22,37,
7,22,28,41,45,
5,31,60,64,69,
1,19,36,48,55,
2,21,30,42,53,
6,24,43,49,57,
7,22,44,46,55,
2,7,23,45,48,
6,9,22,48,52,
4,21,47,54,57,
6,29,43,46,56,
5,30,42,48,55,
1,5,25,50,58,
1,5,27,46,58,
8,10,41,43,58,
3,10,23,44,60,
2,10,41,45,58,
5,7,25,30,55,
2,29,43,50,53,
2,26,41,58,60,
1,4,23,30,46,
5,22,43,46,52,
6,22,43,53,58,
5,8,21,26,47,
1,10,31,34,53,
4,10,22,51,57,
4,8,28,52,57,
4,30,45,51,63,
9,30,45,51,58,
1,22,29,53,55,
10,22,28,43,51,
7,11,32,40,49,
5,10,27,29,54,
6,9,25,42,54,
4,21,27,44,58,
3,25,43,53,60,
6,21,44,46,51,
7,25,36,43,52,
9,21,48,51,53,
5,9,30,44,51,
6,21,24,49,53,
1,13,22,32,51,
2,22,30,53,57,
1,7,22,46,58,
4,28,30,43,57,
9,30,47,52,57,
7,30,33,36,53,
2,26,30,45,57,
3,26,42,47,52,
7,24,29,41,45,
10,25,30,51,57,
2,5,29,48,52,
9,22,27,41,55,
1,13,20,24,35,
4,8,21,51,60,
1,6,22,43,52,
1,8,27,29,42,
7,9,28,41,54,
3,9,25,27,56,
1,3,23,26,47,
5,30,44,47,53,
5,13,36,44,49,
1,3,30,47,53,
10,23,25,42,53,
8,27,29,55,57,
8,25,27,43,51,
1,6,22,52,55,
5,12,25,39,52,
1,9,41,45,58,
9,20,36,53,67,
9,28,45,49,54,
2,27,29,43,58,
8,26,30,47,55,
8,26,28,41,53,
6,21,44,58,60,
7,16,46,49,55,
4,27,41,54,57,
1,6,30,51,58,
1,4,29,49,60,
9,25,44,46,53,
10,17,25,28,35,
1,6,28,46,58,
9,24,46,49,56,
5,13,22,26,55,
2,5,29,46,57,
1,12,19,27,48,
7,21,44,51,58,
3,6,23,55,58,
3,10,41,47,52,
5,10,24,49,60,
1,8,23,26,47,
1,9,24,42,49,
7,17,20,26,29,
6,29,42,47,53,
1,24,43,51,55,
7,23,28,45,54,
9,26,29,51,58,
2,9,13,31,34,
4,6,21,48,52,
9,28,35,44,55,
8,21,51,56,65,
6,24,30,43,55,
1,4,22,46,57,
4,8,30,45,47,
9,11,28,31,52,
7,30,42,46,51,
1,8,27,51,56,
8,13,27,38,45,
9,24,29,50,55,
9,26,29,44,56,
7,9,29,50,56,
6,25,27,53,58,
7,23,30,52,57,
1,3,27,54,56,
4,9,30,41,60,
8,29,41,55,60,
4,28,43,46,58,
2,21,46,48,58,
1,6,30,42,57,
5,8,26,28,53,
6,9,22,46,52,
5,8,27,43,46,
6,9,21,48,52,
4,22,29,45,47,
5,27,29,49,56,
8,15,19,26,45,
3,21,50,55,58,
1,6,23,44,52,
3,21,29,42,60,
3,21,30,42,50,
4,21,50,65,67,
2,25,28,47,55,
1,23,25,51,54,
9,12,27,45,64,
1,10,29,41,50,
9,13,20,50,67,
4,23,29,43,46,
1,24,30,45,47,
2,7,24,43,60,
6,23,41,44,52,
1,10,39,58,69,
2,19,30,37,53,
7,17,42,55,64,
2,4,29,43,56,
1,6,22,26,57,
8,21,27,53,60,
7,10,21,24,45,
6,10,29,43,51,
6,10,21,43,48,
1,9,30,56,58,
2,28,35,37,67,
8,22,41,51,53,
10,21,23,53,58,
7,24,41,46,60,
5,26,29,47,57,
1,4,26,29,54,
5,23,48,50,57,
9,24,41,49,55,
1,24,47,49,51,
8,27,42,44,57,
3,9,24,27,45,
3,5,28,42,44,
5,9,26,30,49,
4,8,19,45,47,
6,21,29,42,56,
9,24,30,42,51,
3,9,12,42,53,
2,5,30,45,60,
7,20,22,39,57,
2,7,25,47,55,
1,22,26,43,57,
5,23,25,44,49,
1,6,27,45,54,
9,21,45,51,54,
2,4,22,26,57,
4,27,35,37,62,
2,9,30,47,52,
2,9,22,46,52,
1,8,26,50,53,
1,4,22,29,60,
2,27,44,57,60,
10,21,47,54,58,
4,6,21,48,57,
5,22,26,47,52,
4,25,47,53,60,
6,22,28,46,57,
1,28,30,43,45,
8,25,43,53,60,
7,21,30,47,58,
1,5,27,52,58,
4,6,30,50,57,
3,23,44,49,55,
7,10,23,25,48,
1,23,41,44,60,
9,30,42,51,53,
1,27,29,44,49,
9,21,30,42,47,
9,24,43,53,57,
5,22,48,52,55,
1,5,21,29,52,
1,28,30,47,58,
4,9,22,30,55,
4,9,39,44,55,
7,23,28,50,54,
4,7,24,46,53,
6,9,30,41,60,
1,10,21,48,60,
3,28,47,51,58,
1,22,27,50,54,
5,9,26,44,46,
7,17,26,44,69,
10,27,33,39,58,
4,20,45,47,67,
5,10,22,25,42,
6,25,27,39,60,
1,7,29,49,58,
1,12,34,49,55,
5,25,28,55,60,
6,22,27,52,57,
9,32,56,59,69,
3,24,27,43,47,
3,14,28,39,69,
5,7,25,48,50,
5,22,46,58,60,
1,5,25,49,54,
7,26,34,51,63,
5,32,35,65,70,
5,30,42,52,55,
5,24,42,45,52,
1,26,35,42,59,
5,9,22,43,55,
9,20,35,44,65,
2,7,22,30,43,
5,27,30,49,52,
1,7,22,53,56,
3,20,31,36,63,
5,27,34,45,52,
5,8,25,46,60,
6,21,28,46,48,
7,20,24,47,65,
1,6,28,44,46,
1,7,26,34,53,
3,9,21,24,53,
6,9,28,30,49,
8,25,41,49,53,
6,9,28,47,58,
7,22,29,47,55,
2,6,24,41,45,
3,23,26,50,55,
4,10,25,35,57,
5,22,26,42,53,
7,9,22,25,47,
3,7,30,47,52,
4,27,42,54,57,
9,28,44,54,57,
3,7,24,41,47,
6,28,41,44,57,
6,23,27,44,49,
10,17,22,35,49,
1,7,27,30,55,
7,29,41,44,57,
6,22,25,46,49,
8,35,47,51,60,
10,29,47,53,58,
6,9,25,48,52,
7,31,37,42,58,
6,8,29,45,47,
1,25,44,47,53,
1,6,22,47,60,
7,26,29,46,54,
9,30,41,43,55,
5,28,43,47,58,
5,21,43,52,54,
1,8,23,45,60,
10,29,47,53,55,
1,22,45,54,57,
3,22,43,46,52,
2,23,28,45,48,
5,21,44,52,58,
8,22,27,41,46,
5,9,27,42,58,
4,10,23,41,58,
10,28,49,59,63,
3,26,37,42,49,
1,7,32,45,54,
4,26,41,50,54,
7,9,23,55,58,
1,4,22,49,55,
8,21,25,50,52,
10,25,36,41,65,
1,5,26,48,60,
3,5,23,42,53,
2,7,30,46,57,
6,9,24,43,50,
8,30,43,49,53,
5,25,49,54,60,
9,21,29,42,49,
3,22,43,55,57,
7,30,45,49,57,
10,16,31,37,49,
5,29,42,48,52,
2,23,48,50,53,
4,7,14,29,51,
3,30,43,53,57,
4,8,21,26,57,
5,22,48,53,56,
9,23,44,48,53,
1,22,26,44,46,
7,26,44,47,56,
2,19,29,33,36,
4,27,33,44,55,
8,21,47,50,57,
3,25,28,47,49,
2,8,23,47,57,
5,22,41,52,55,
3,7,23,26,53,
5,24,26,45,49,
7,26,51,54,63,
10,24,31,55,63,
3,9,41,56,60,
10,25,29,46,56,
5,8,23,28,41,
8,21,45,50,54,
3,26,43,49,60,
9,22,25,46,55,
7,10,29,41,57,
3,9,24,42,52,
8,30,41,45,55,
2,9,22,41,46,
7,25,28,47,49,
10,25,27,53,57,
1,22,41,47,52,
1,19,30,42,55,
8,21,46,48,52,
5,27,30,44,60,
9,22,43,50,52,
8,19,37,52,55,
4,6,29,51,56,
1,6,27,46,48,
2,5,22,47,50,
2,5,30,44,51,
4,8,23,41,46,
9,24,43,54,60,
5,26,30,50,60,
6,21,29,52,56,
9,23,27,46,48,
10,21,24,50,57,
8,24,45,53,57,
7,22,29,43,56,
6,19,39,62,69,
1,4,26,29,49,
3,21,27,42,45,
2,11,21,32,49,
9,28,32,61,69,
4,9,24,43,47,
5,25,27,50,55,
1,30,43,52,55,
2,21,45,47,54,
5,10,22,45,53,
3,6,21,28,46,
2,7,22,26,43,
3,21,29,55,60,
1,6,29,45,54,
5,35,48,50,55,
2,21,29,54,57,
4,9,24,46,50,
7,9,28,30,60,
3,28,30,41,51,
2,6,21,24,56,
7,25,41,55,60,
3,22,45,55,57,
9,21,46,56,58,
6,21,50,54,56,
1,23,44,46,60,
2,9,24,28,57,
1,10,39,45,48,
1,10,24,29,47,
6,9,23,29,56,
2,23,25,44,57,
9,21,27,48,60,
7,10,27,29,46,
2,15,45,58,69,
6,10,22,43,47,
6,9,24,43,56,
7,15,30,49,56,
8,32,37,45,69,
6,25,41,43,56,
4,9,41,51,54,
8,25,41,52,60,
6,22,24,51,53,
8,21,28,43,54,
1,23,27,44,50,
2,27,36,59,63,
6,24,27,42,55,
1,28,44,51,53,
2,7,23,41,58,
10,33,35,44,65,
4,23,31,35,58,
5,24,29,41,51,
10,21,43,49,54,
2,23,25,42,50,
1,8,21,46,56,
3,28,37,39,52,
4,9,21,44,50,
6,11,13,31,36,
4,6,30,46,57,
1,7,30,42,58,
8,13,15,28,53,
2,15,32,51,67,
4,9,25,29,53,
6,10,25,47,55,
3,26,29,41,46,
5,10,22,47,51,
2,32,39,59,63,
5,24,26,39,45,
6,9,28,46,58,
4,10,21,25,50,
3,12,28,47,53,
9,21,46,54,60,
6,8,21,45,47,
6,22,28,55,57,
4,15,42,55,59,
5,21,30,47,60,
1,21,30,54,56,
7,9,21,46,54,
1,10,25,29,46,
1,4,29,45,49,
6,9,28,44,46,
1,11,28,42,65,
7,9,41,43,54,
1,3,21,28,51,
6,21,30,47,49,
1,22,41,48,56,
1,23,42,44,58,
5,10,22,51,56,
4,28,30,55,57,
9,39,51,60,62,
9,26,29,50,60,
1,7,29,44,53,
4,9,25,42,54,
10,21,29,52,54,
2,24,41,48,53,
6,24,27,49,56,
7,23,29,48,51,
1,10,25,44,49,
1,3,29,47,60,
8,22,47,49,55,
9,31,39,50,70,
1,4,22,26,57,
5,9,24,45,60,
1,10,25,51,55,
6,10,39,53,67,
4,9,24,42,46,
4,6,21,30,60,
2,23,30,46,54,
10,27,48,53,57,
5,9,21,50,58,
2,21,29,55,60,
8,10,41,49,57,
5,8,25,50,53,
6,27,30,49,52,
2,8,21,26,45,
9,22,27,46,55,
4,9,25,54,60,
3,21,47,50,58,
3,9,22,46,60,
7,14,27,54,69,
7,12,31,40,59,
9,27,48,56,58,
2,7,31,44,63,
6,9,21,24,56,
4,6,23,30,55,
1,22,46,49,54,
3,7,21,45,58,
1,3,25,28,42,
3,9,27,44,53,
4,6,29,53,55,
1,7,24,41,44,
8,23,46,50,58,
8,29,42,46,51,
3,21,45,48,51,
1,27,30,42,52,
8,21,28,45,57,
1,5,30,52,57,
8,10,23,46,51,
3,5,20,36,53,
7,25,41,46,54,
10,29,43,47,54,
1,10,12,29,31,
1,4,30,46,57,
5,7,24,27,48,
2,22,47,51,58,
1,20,35,53,58,
6,22,41,43,55,
5,29,43,46,56,
1,10,29,41,45,
8,10,21,43,56,
5,7,29,48,52,
3,8,26,41,46,
6,24,46,52,55,
10,25,43,48,55,
1,20,42,49,59,
5,24,39,60,69,
5,10,22,46,55,
5,24,27,44,46,
4,9,26,41,44,
7,21,29,44,50,
7,30,35,37,56,
2,4,21,46,54,
6,9,24,51,58,
6,24,45,49,53,
1,5,24,30,42,
7,22,29,41,45,
1,30,43,50,60,
10,24,43,51,57,
2,27,37,45,64,
4,6,21,44,46,
5,22,46,49,51,
4,30,49,52,57,
2,9,27,54,60,
9,12,20,31,61,
10,35,55,57,62,
10,22,43,55,65,
10,27,40,53,59,
3,6,22,52,55,
9,21,24,42,44,
2,8,23,44,46,
9,41,46,51,58,
2,5,23,44,48,
2,24,28,46,57,
3,21,28,43,50,
3,26,28,31,47,
7,29,43,53,60,
7,23,30,49,52,
5,9,24,43,52,
2,21,24,46,57,
4,28,42,44,57,
8,23,26,47,55,
5,21,48,53,60,
8,23,27,36,65,
1,21,46,52,58,
7,29,38,49,52,
10,23,25,42,51,
2,7,24,27,46,
7,17,39,50,70,
9,22,47,58,60,
10,24,29,43,51,
9,27,30,55,58,
8,27,41,49,53,
1,12,39,51,58,
2,7,11,14,27,
10,12,33,35,61,
1,7,23,54,60,
5,9,27,50,54,
5,10,31,56,67,
9,22,43,52,58,
9,21,44,56,58,
5,7,24,29,53,
5,9,22,28,55,
7,9,22,43,58,
2,23,45,48,55,
10,22,41,43,51,
2,18,27,31,61,
1,6,30,49,52,
10,39,53,57,68,
4,7,23,25,49,
7,14,28,39,61,
3,24,45,47,51,
1,21,47,54,56,
3,10,23,48,52,
6,9,25,27,50,
7,21,26,51,58,
7,28,30,43,50,
9,21,28,45,48,
6,9,22,53,57,
5,10,21,46,58,
6,29,43,46,55,
2,9,22,27,50,
5,24,28,42,45,
1,22,45,53,55,
3,26,46,50,55,
1,6,29,49,51,
6,23,47,55,58,
1,24,26,42,60,
1,5,21,44,60,
7,29,47,51,54,
6,9,24,53,57,
7,9,21,27,48,
2,23,45,51,68,
10,23,29,42,60,
3,9,27,42,47,
8,21,28,45,60,
3,7,21,45,48,
5,8,23,29,53,
6,23,44,52,58,
1,8,26,30,43,
4,26,41,44,53,
4,27,34,47,69,
6,24,28,41,52,
5,27,36,39,68,
7,17,22,39,42,
1,27,44,55,57,
2,5,29,45,51,
1,10,22,25,46,
4,9,22,41,46,
6,22,41,46,52,
3,27,42,50,57,
8,23,27,50,54,
1,9,22,44,53,
9,32,45,55,70,
1,21,27,48,57,
8,21,31,36,51,
9,22,43,45,57,
3,7,21,28,42,
1,10,24,41,49,
10,28,43,53,58,
9,27,29,44,46,
8,27,29,45,47,
1,3,24,46,52,
8,23,26,43,58,
6,10,27,29,46,
6,23,25,50,55,
6,24,43,52,55,
6,24,41,53,56,
4,21,48,51,58,
2,9,30,48,57,
10,42,49,54,57,
7,16,23,49,56,
8,23,30,49,51,
9,24,26,47,57,
1,6,24,28,57,
2,9,27,43,48,
4,26,43,51,58,
10,22,30,47,53,
1,3,26,29,50,
4,16,27,37,45,
1,3,21,48,51,
7,23,26,39,64,
4,30,46,54,57,
1,21,26,48,56,
1,8,23,44,56,
6,9,25,27,56,
9,21,24,56,58,
9,28,44,53,58,
4,11,19,26,43,
3,30,49,52,57,
1,27,31,50,62,
6,23,25,46,53,
2,25,30,47,51,
5,7,25,44,56,
1,8,23,54,56,
1,27,29,44,55,
3,21,23,45,58,
1,10,22,44,55,
7,26,47,50,54,
1,8,21,44,51,
2,5,24,28,49,
3,5,28,30,46,
4,15,19,31,44,
6,13,29,51,60,
1,6,21,51,54,
5,10,29,41,48,
1,3,24,41,56,
1,6,28,43,48,
4,9,21,48,52,
10,13,43,49,66,
2,21,25,39,52,
5,21,30,49,55,
6,24,47,52,60,
7,15,26,44,65,
1,8,25,27,49,
2,22,45,47,58,
4,27,37,44,55,
5,10,13,25,36,
3,12,21,35,52,
9,31,45,60,64,
6,8,27,51,60,
3,7,24,47,53,
5,27,42,44,54,
8,27,30,46,57,
4,22,27,43,53,
6,30,47,50,60,
2,5,25,29,55,
2,12,37,45,67,
10,25,43,45,54,
6,9,22,53,58,
4,21,27,54,56,
3,23,49,51,58,
3,21,29,46,60,
2,16,35,49,57,
4,30,47,49,51,
2,25,33,53,60,
5,24,46,52,54,
6,29,46,50,58,
6,24,49,53,60,
9,22,28,39,65,
7,24,26,41,60,
1,5,26,30,56,
10,13,21,25,50,
7,16,23,42,45,
1,5,24,47,49,
2,17,27,30,39,
5,30,45,49,56,
1,27,42,45,54,
1,23,28,47,58,
8,32,39,51,63,
1,30,46,48,52,
1,5,23,27,48,
9,21,23,50,58,
5,32,51,55,70,
2,23,29,43,60,
5,24,46,50,57,
2,21,29,42,60,
9,22,24,41,45,
9,26,29,48,55,
5,8,29,51,55,
1,4,23,44,47,
1,10,42,45,58,
1,4,29,50,52,
5,26,41,50,58,
4,6,22,46,49,
9,21,29,50,58,
6,9,22,48,51,
9,22,28,51,53,
4,27,44,48,57,
6,9,21,48,60,
4,24,45,49,57,
9,26,41,54,58,
2,31,46,59,69,
2,4,26,29,46,
5,22,43,45,55,
5,9,28,46,58,
8,28,49,55,57,
2,9,30,45,54,
10,35,44,47,53,
2,5,21,44,46,
2,6,25,30,51,
7,31,42,47,70,
8,26,47,51,55,
7,24,43,52,55,
1,25,43,50,56,
3,24,41,49,52,
7,29,41,44,53,
9,22,30,49,57,
6,23,48,53,58,
7,22,27,42,47,
3,10,25,43,47,
1,10,22,43,53,
6,9,30,47,51,
9,24,27,41,58,
4,24,48,53,57,
5,24,27,51,53,
3,29,42,57,60,
1,5,28,41,54,
10,29,39,47,56,
9,25,42,55,57,
9,24,41,52,57,
5,8,30,47,52,
3,6,27,51,53,
6,24,41,46,56,
8,23,46,54,60,
5,26,44,54,57,
2,15,27,45,66,
8,10,23,45,56,
7,22,30,43,60,
7,30,43,51,60,
2,6,25,31,53,
10,28,43,54,60,
6,24,43,57,60,
2,9,27,50,58,
8,23,45,50,58,
6,21,30,47,55,
6,9,24,28,60,
6,9,26,43,58,
5,23,47,58,60,
2,23,41,44,53,
2,23,29,44,47,
6,8,25,51,56,
1,5,24,41,52,
4,9,26,44,60,
1,25,29,45,56,
3,21,24,46,56,
7,17,29,36,42,
9,41,47,52,54,
1,9,30,44,51,
1,6,21,30,45,
7,9,13,20,30,
5,10,22,25,56,
9,24,45,48,52,
1,5,25,52,58,
7,28,43,49,58,
6,27,30,45,49,
9,26,44,46,58,
3,9,22,27,45,
2,24,42,46,55,
2,4,30,43,46,
2,21,44,57,60,
7,24,46,53,56,
4,30,41,50,52,
4,23,25,42,57,
2,27,41,55,58,
1,8,12,31,45,
3,8,26,49,57,
1,25,42,54,57,
6,21,44,50,56,
1,7,30,43,52,
8,10,41,54,57,
5,25,30,51,55,
3,7,24,41,46,
3,29,43,53,56,
7,22,28,42,57,
3,32,51,60,63,
3,30,43,53,55,
6,8,30,50,57,
2,12,41,61,69,
10,24,27,41,44,
4,8,23,30,49,
6,28,46,54,57,
9,13,22,45,60,
8,31,43,60,65,
1,28,44,46,52,
2,19,31,37,64,
2,7,25,41,54,
1,6,22,45,57,
6,22,24,41,45,
1,25,45,51,58,
4,22,29,46,57,
2,29,41,48,57,
3,14,28,53,55,
1,9,25,28,51,
8,26,31,43,53,
4,6,22,51,57,
5,11,32,36,49,
10,22,27,41,56,
6,10,23,46,48,
9,21,29,44,50,
4,8,29,49,57,
2,9,26,29,47,
5,22,43,46,55,
7,24,26,43,47,
10,26,43,54,57,
1,4,22,39,69,
5,21,46,50,54,
3,8,23,50,53,
9,28,43,46,54,
10,21,23,46,58,
7,22,43,50,56,
8,12,17,31,45,
10,23,29,50,58,
2,7,23,25,57,
7,26,29,46,53,
10,25,27,32,37,
7,23,29,53,56,
1,3,29,42,55,
2,5,23,30,49,
5,22,27,46,53,
5,23,50,54,58,
4,22,43,49,51,
2,23,25,48,56,
5,20,25,51,56,
4,8,27,43,51,
4,27,30,47,49,
10,27,31,47,58,
5,10,29,44,46,
2,19,43,52,61,
3,5,30,42,46,
1,4,23,30,41,
5,22,46,51,57,
2,21,23,48,54,
5,22,26,39,55,
3,27,30,57,60,
6,22,43,45,57,
8,10,23,45,58,
8,26,43,47,58,
9,28,30,42,46,
7,18,39,45,62,
3,7,21,26,55,
2,21,30,41,54,
7,29,41,48,56,
8,23,25,46,53,
1,27,32,35,48,
3,8,21,42,47,
8,29,42,55,57,
6,30,43,56,58,
6,29,45,51,56,
1,22,45,52,54,
7,31,46,55,64,
4,22,35,43,45,
6,9,41,54,56,
3,5,21,46,50,
6,8,23,46,51,
2,26,41,59,65,
1,3,29,49,56,
2,21,30,42,56,
5,28,30,51,55,
3,21,26,48,57,
6,23,30,42,46,
6,9,21,25,56,
7,9,30,42,58,
8,20,43,53,65,
5,27,30,47,54,
9,22,27,45,60,
7,30,42,53,57,
9,28,30,46,55,
10,13,32,43,67,
1,23,28,46,48,
2,24,27,43,51,
6,21,28,41,58,
7,24,46,49,58,
5,29,42,48,51,
3,9,27,42,52,
1,5,23,26,44,
7,26,39,41,62,
8,27,42,46,60,
6,9,22,27,46,
1,30,46,50,57,
8,23,28,43,47,
3,10,23,48,60,
5,7,30,45,53,
7,9,30,46,58,
7,9,27,30,44,
3,26,47,52,54,
7,18,20,25,55,
1,3,25,28,49,
1,9,30,46,60,
5,7,23,44,46,
6,10,29,51,65,
4,6,25,55,65,
10,21,25,52,56,
6,21,47,54,60,
5,32,39,45,62,
7,22,27,45,47,
5,22,49,51,58,
5,23,44,50,54,
7,29,41,44,51,
5,24,43,51,56,
3,6,21,53,57,
3,6,27,43,52,
4,22,46,53,60,
1,24,29,52,60,
5,29,48,53,55,
5,22,27,53,56,
6,23,29,42,47,
7,21,25,44,52,
2,5,22,51,53,
5,26,43,53,58,
2,9,13,29,52,
1,24,26,41,54,
1,13,36,55,58,
6,9,24,43,55,
5,24,28,47,60,
9,25,47,56,58,
9,23,45,48,51,
8,30,43,49,55,
10,21,27,48,54,
7,26,41,48,58,
9,24,28,43,46,
10,25,30,41,47,
9,23,25,52,56,
5,21,43,54,56,
1,5,24,28,45,
6,21,27,46,54,
7,33,36,45,58,
7,13,20,25,46,
5,7,25,42,55,
1,8,24,26,43,
1,4,24,46,50,
1,27,29,44,47,
5,22,43,54,56,
2,21,30,42,51,
2,24,30,47,49,
6,24,27,44,46,
1,7,23,47,54,
9,22,35,42,49,
6,9,24,41,60,
6,22,25,49,56,
2,6,28,41,58,
3,30,41,43,52,
6,9,24,42,51,
6,23,28,41,44,
6,19,49,52,67,
7,10,21,44,51,
5,20,22,35,39,
2,23,30,47,49,
2,5,29,46,54,
9,41,47,56,58,
6,22,46,57,60,
3,13,26,38,51,
10,21,29,47,52,
3,7,26,53,57,
10,21,30,42,55,
5,24,47,55,58,
5,8,25,41,45,
2,25,47,52,55,
4,7,23,48,58,
6,22,41,46,60,
2,7,24,43,56,
8,21,24,41,45,
8,19,31,36,57,
1,5,21,26,48,
6,27,46,48,57,
4,27,29,41,50,
5,23,28,46,58,
1,8,21,42,57,
4,30,43,49,54,
8,22,49,51,57,
3,14,28,39,45,
7,25,40,56,65,
1,6,28,30,47,
8,23,42,47,55,
5,7,23,30,56,
8,23,27,42,55,
2,5,23,44,49,
1,19,42,49,58,
2,25,46,49,69,
8,21,24,45,52,
6,13,24,39,65,
6,9,21,30,55,
5,27,29,54,57,
8,21,26,51,57,
9,25,27,45,50,
3,10,40,53,69,
7,25,27,43,58,
2,7,30,49,57,
5,26,29,45,48,
2,6,24,41,46,
1,9,23,48,55,
2,7,25,57,60,
2,8,21,25,46,
6,10,41,44,57,
9,25,30,49,51,
2,10,23,44,50,
7,22,31,46,53,
7,9,22,53,56,
10,13,37,66,69,
5,19,26,39,58,
6,9,24,50,58,
1,6,23,48,55,
1,21,46,50,54,
7,29,41,52,56,
5,22,30,41,49,
5,7,24,26,49,
7,26,29,46,51,
5,23,30,47,52,
1,10,39,58,65,
6,21,25,43,49,
2,5,30,49,58,
7,9,21,24,46,
9,22,26,50,57,
7,27,38,45,68,
3,5,30,45,52,
1,10,23,48,54,
2,12,33,49,67,
9,27,29,50,60,
9,24,50,53,55,
5,26,42,44,55,
2,5,29,36,53,
7,9,30,48,53,
6,23,30,43,51,
7,24,43,49,51,
1,7,21,30,51,
5,10,22,51,55,
7,9,41,44,55,
6,24,27,41,45,
10,13,31,33,44,
10,23,25,49,54,
3,10,32,37,53,
7,20,37,42,61,
3,6,27,35,52,
5,10,23,30,54,
8,21,28,46,52,
10,22,41,43,57,
4,13,20,41,67,
5,7,23,25,52,
3,9,22,45,50,
1,5,29,46,56,
6,29,32,35,49,
4,7,22,47,51,
2,27,29,41,53,
6,8,21,46,50,
3,30,41,49,53,
1,13,24,36,45,
4,9,24,41,52,
7,10,16,35,43,
4,21,43,48,60,
2,25,32,47,65,
1,8,25,42,53,
4,23,49,55,58,
1,6,30,45,55,
1,6,27,29,51,
1,3,21,27,48,
1,6,26,48,55,
8,13,21,39,56,
3,10,25,46,51,
5,24,29,41,60,
5,8,21,25,55,
5,30,48,52,57,
9,23,30,51,54,
6,28,30,46,57,
9,26,44,52,55,
6,23,30,43,52,
8,21,44,51,55,
6,23,26,45,58,
9,13,30,35,42,
6,28,30,43,46,
5,7,29,45,58,
9,19,25,28,50,
1,25,30,53,60,
4,21,26,44,60,
1,4,22,44,47,
1,6,27,46,58,
4,9,25,41,60,
3,10,21,50,53,
3,28,30,41,55,
4,6,22,52,57,
1,7,23,46,48,
5,10,29,50,57,
10,24,26,41,53,
3,7,29,47,50,
4,6,21,51,58,
2,6,25,43,54,
2,25,47,49,54,
3,6,24,28,43,
3,27,30,43,55,
1,3,24,45,53,
8,30,41,43,52,
4,9,29,50,54,
7,27,34,36,63,
3,24,41,45,51,
7,21,36,55,66,
2,9,21,27,58,
9,27,42,50,54,
1,3,24,47,56,
5,7,28,34,53,
2,7,37,45,66,
4,25,47,56,58,
7,24,42,48,57,
1,10,35,42,67,
8,31,33,52,65,
9,22,49,51,60,
7,26,34,63,65,
4,27,47,54,58,
1,4,29,47,53,
6,23,29,50,56,
3,22,41,49,53,
2,9,23,30,56,
2,6,21,47,58,
7,24,42,46,60,
2,9,25,48,53,
8,18,27,51,65,
10,21,27,42,44,
5,9,28,30,52,
1,4,30,51,56,
1,21,45,50,58,
7,25,41,48,51,
1,8,21,44,50,
10,39,49,54,63,
2,9,24,30,47,
3,29,47,50,53,
3,5,24,49,53,
5,30,44,46,56,
2,7,22,41,58,
3,7,29,46,51,
2,10,28,54,57,
7,29,50,53,57,
1,4,28,45,67,
3,6,30,45,47,
9,27,29,47,54,
7,30,32,43,53,
4,25,28,43,56,
3,5,21,27,58,
10,24,28,45,47,
9,30,45,51,60,
2,29,41,47,60,
2,23,29,46,57,
5,8,28,50,60,
4,26,47,53,58,
6,9,24,50,57,
7,9,26,41,54,
4,21,44,47,52,
10,15,27,48,53,
5,24,46,51,53,
8,21,25,47,52,
1,28,49,54,69,
8,17,19,27,36,
2,6,30,43,54,
1,24,26,46,58,
10,25,37,45,50,
1,13,32,45,64,
2,23,30,41,46,
4,25,47,57,60,
1,10,25,49,55,
5,25,28,49,57,
1,4,28,53,59,
1,3,22,51,56,
6,24,43,47,52,
1,25,29,42,49,
2,8,27,51,57,
6,28,46,48,57,
4,22,24,43,46,
4,10,21,27,48,
7,30,41,49,58,
6,25,41,51,56,
1,8,23,41,53,
1,10,22,46,57,
1,25,42,45,51,
5,7,23,26,44,
1,6,24,43,52,
7,29,47,49,54,
7,23,25,47,50,
4,8,21,47,55,
1,10,26,29,51,
5,7,20,39,54,
6,27,46,56,58,
9,23,44,54,60,
4,9,29,55,58,
3,8,23,26,43,
4,8,13,35,37,
5,24,28,41,50,
2,23,28,44,51,
4,21,42,54,57,
10,21,30,43,60,
2,9,22,41,48,
9,22,45,53,55,
3,25,46,50,57,
7,11,28,47,50,
4,6,21,25,54,
1,23,44,47,53,
6,27,44,52,55,
7,23,50,65,68,
6,10,22,41,46,
6,23,26,41,58,
7,26,43,49,62,
7,27,50,57,68,
5,8,26,43,45,
6,21,25,42,50,
1,26,42,50,54,
9,23,48,50,60,
1,11,28,52,55,
1,22,43,51,57,
3,10,25,43,56,
3,6,21,24,56,
9,23,46,51,58,
6,23,29,50,54,
8,21,28,50,53,
5,23,42,54,57,
10,36,43,51,59,
3,8,23,28,50,
8,13,39,56,63,
6,28,48,57,60,
10,27,41,51,62,
6,21,24,55,58,
2,25,30,41,52,
8,21,39,50,55,
5,21,26,44,51,
5,8,26,43,46,
4,16,37,39,55,
10,23,44,53,57,
9,31,56,66,69,
10,27,57,62,69,
1,4,29,52,55,
4,26,41,48,60,
9,30,46,48,60,
2,4,21,48,60,
6,24,30,43,52,
7,28,45,47,58,
7,28,42,46,58,
2,6,30,49,57,
10,15,42,55,67,
7,13,38,44,51,
5,23,29,48,55,
6,9,23,29,42,
6,12,25,27,39,
3,18,26,45,51,
5,30,44,53,60,
10,13,23,25,42,
9,26,29,54,57,
1,23,45,48,57,
6,24,43,45,58,
10,31,39,57,70,
7,22,24,46,53,
2,24,31,35,41,
7,10,24,51,57,
1,8,23,25,51,
6,27,41,44,57,
3,21,45,58,60,
3,10,25,47,50,
3,5,27,47,58,
6,29,39,45,56,
2,7,22,41,44,
5,21,42,52,58,
4,21,28,50,54,
8,23,27,46,56,
1,21,44,46,55,
7,10,25,46,58,
6,21,24,43,52,
9,23,25,54,60,
7,21,24,53,60,
7,25,27,46,48,
8,13,36,47,69,
10,28,41,55,58,
9,23,42,49,54,
3,6,28,46,55,
3,20,36,55,57,
6,10,23,44,60,
6,24,46,51,53,
7,9,23,30,44,
1,22,25,45,53,
7,21,25,42,58,
9,26,44,55,60,
1,9,26,51,58,
7,9,26,29,53,
3,7,23,42,50,
6,25,41,43,53,
9,30,49,51,55,
3,9,24,27,49,
9,20,24,31,55,
8,10,21,28,52,
10,13,42,57,61,
9,21,30,48,51,
3,5,27,30,49,
5,7,27,53,58,
4,6,24,28,47,
1,8,22,43,60,
8,23,32,39,45,
8,35,41,60,65,
3,27,41,46,56,
4,13,30,39,47,
8,27,42,46,55,
1,7,29,46,57,
4,13,37,39,64,
2,5,25,48,53,
10,14,35,59,65,
4,34,45,53,63,
10,31,43,53,64,
1,7,27,50,58,
1,22,44,50,53,
5,10,29,45,54,
1,26,31,51,64,
1,9,22,26,48,
1,7,25,52,60,
3,5,27,54,57,
2,23,25,42,52,
8,21,45,47,57,
6,25,49,55,58,
4,13,29,47,56,
10,41,44,55,58,
5,29,44,51,55,
9,26,42,44,55,
6,21,24,48,51,
8,21,30,41,50,
7,9,26,53,58,
7,23,49,54,57,
7,26,41,65,70,
10,21,50,54,57,
9,23,29,42,54,
4,13,30,49,63,
5,31,50,56,61,
5,25,46,52,55,
6,10,22,47,51,
5,8,27,49,54,
4,22,47,52,60,
10,22,26,47,56,
3,5,21,26,48,
10,15,19,48,51,
1,23,26,41,58,
6,30,41,46,56,
2,27,43,51,58,
3,6,21,28,42,
4,11,36,53,57,
3,8,27,53,57,
4,19,22,27,33,
3,6,21,42,56,
10,25,37,45,60,
5,10,23,25,52,
8,23,41,46,55,
3,9,26,50,58,
10,25,43,50,55,
9,22,46,52,54,
10,21,28,41,48,
7,11,41,56,60,
1,7,26,29,51,
5,10,25,51,53,
1,27,30,55,60,
1,22,27,50,53,
1,24,29,51,55,
1,8,26,43,51,
4,22,43,49,54,
4,9,23,44,46,
1,4,22,47,57,
5,8,26,29,47,
5,29,46,49,51,
7,9,25,27,48,
1,10,24,41,53,
2,9,19,45,62,
3,6,22,43,49,
5,26,30,50,52,
1,8,25,27,51,
8,22,26,47,49,
5,7,22,28,50,
8,26,30,47,57,
4,22,30,41,47,
2,10,33,59,65,
2,5,24,43,46,
5,27,30,42,53,
9,25,39,56,60,
6,8,27,42,51,
5,21,46,48,52,
1,8,29,43,55,
2,5,23,42,44,
4,28,43,59,69,
1,27,30,42,53,
2,9,25,27,46,
1,20,35,39,48,
2,23,25,41,44,
2,4,21,25,56,
6,9,28,43,48,
5,22,43,47,60,
2,9,24,41,43,
5,21,25,42,46,
4,23,29,42,55,
5,10,35,44,69,
2,25,43,56,60,
10,22,26,43,46,
1,8,29,41,49,
2,9,23,44,46,
6,21,23,48,53,
6,22,41,47,60,
5,27,29,44,51,
9,26,43,49,58,
6,10,24,47,58,
1,7,30,47,57,
1,13,36,39,54,
5,20,31,52,67,
3,7,30,41,45,
5,23,27,46,58,
8,27,41,48,55,
2,7,24,47,51,
3,5,21,30,49,
6,27,29,41,48,
3,8,26,41,50,
1,21,24,45,49,
5,23,30,48,53,
4,9,30,41,51,
1,23,29,41,56,
1,3,26,47,60,
2,22,25,46,51,
3,5,22,46,60,
6,35,39,49,58,
7,9,25,46,51,
1,25,46,52,55,
1,6,24,26,41,
4,25,41,44,51,
6,8,23,26,57,
1,28,46,58,60,
4,20,29,55,63,
4,23,45,53,58,
6,25,46,51,54,
7,22,24,43,55,
7,9,21,48,54,
9,22,43,50,53,
6,28,49,55,58,
1,24,42,55,57,
6,10,28,44,51,
4,21,28,41,58,
1,26,31,39,68,
5,7,26,30,49,
1,26,30,42,47,
1,21,44,46,56,
10,23,46,50,54,
6,10,27,29,50,
4,25,41,46,56,
1,6,26,58,60,
6,21,43,48,52,
7,22,46,51,54,
6,22,26,43,53,
6,25,41,44,53,
4,27,44,46,51,
2,8,21,45,56,
7,12,28,57,59,
1,6,30,52,57,
5,23,28,53,58,
7,30,46,55,57,
2,21,45,48,56,
5,21,26,44,47,
7,22,30,47,57,
2,13,17,34,39,
3,6,21,44,52,
2,27,46,61,65,
4,10,24,47,57,
1,9,30,52,60,
4,19,21,27,44,
2,29,39,42,57,
4,10,42,47,54,
9,19,48,51,60,
5,7,30,42,48,
2,21,30,49,53,
5,22,26,41,57,
3,21,27,46,58,
7,28,41,51,58,
1,3,20,28,51,
2,15,39,62,69,
5,32,44,55,69,
5,29,47,51,58,
3,7,29,46,56,
4,29,42,47,51,
8,10,21,27,49,
7,25,42,47,51,
10,26,28,54,57,
1,24,43,52,56,
1,26,28,49,59,
5,8,22,52,57,
7,12,23,45,48,
6,9,28,30,51,
5,21,24,46,49,
3,9,41,51,54,
3,5,27,42,48,
8,19,36,43,51,
2,9,24,27,53,
1,28,49,54,60,
1,23,27,41,54,
5,24,30,43,49,
10,27,41,45,64,
3,24,46,49,51,
4,24,47,51,54,
2,25,28,41,53,
9,30,42,51,56,
4,23,49,53,58,
10,23,41,44,55,
1,11,28,45,60,
7,21,30,54,57,
6,21,25,50,55,
5,22,26,57,60,
4,25,28,43,49,
6,31,45,48,65,
10,39,42,57,61,
4,23,30,46,49,
1,8,24,47,60,
5,7,27,48,51,
2,9,29,50,55,
1,8,29,42,49,
6,10,22,41,56,
7,20,47,51,64,
5,25,30,53,55,
4,10,22,41,46,
3,9,21,47,50,
4,11,36,39,47,
10,29,45,47,58,
6,22,30,43,60,
3,14,31,60,69,
9,23,29,52,57,
1,24,32,53,69,
5,13,24,39,42,
3,29,41,46,53,
1,10,29,44,47,
1,12,25,35,52,
5,7,30,42,46,
7,12,20,41,59,
10,24,41,47,54,
2,6,24,30,43,
5,21,42,46,58,
6,21,24,51,54,
1,8,21,47,50,
1,3,30,51,55,
6,29,48,51,56,
3,7,28,46,53,
4,25,43,51,55,
7,11,41,52,56,
1,30,43,56,58,
6,22,25,42,47,
7,25,28,46,58,
2,9,24,41,49,
5,22,43,45,58,
1,28,30,49,52,
5,26,41,44,53,
6,30,47,50,53,
6,24,26,41,47,
1,28,30,51,56,
10,23,44,50,57,
3,8,21,27,45,
1,10,39,51,64,
6,23,30,46,56,
1,23,25,48,56,
6,9,30,42,58,
2,9,23,30,43,
6,23,30,47,50,
6,26,30,53,55,
3,21,28,45,56,
2,23,30,46,49,
2,6,27,54,60,
6,8,26,51,57,
3,5,23,49,58,
10,23,29,51,60,
1,8,21,46,53,
7,25,47,49,58,
10,22,25,43,50,
4,27,31,41,68,
1,7,27,50,66,
1,24,26,41,46,
6,25,29,53,57,
1,22,27,46,55,
4,11,19,32,37,
6,29,42,46,55,
5,7,27,29,56,
9,24,45,47,57,
6,23,30,51,57,
3,9,27,29,60,
6,21,30,55,58,
2,21,28,42,58,
1,5,22,46,53,
9,26,29,42,50,
3,17,20,26,51,
10,21,29,42,46,
10,21,42,47,54,
1,22,25,47,52,
6,9,24,43,60,
10,17,19,49,68,
4,27,43,51,62,
9,21,46,49,58,
3,5,24,46,53,
4,29,45,47,55,
5,8,29,49,51,
9,24,41,46,52,
10,21,42,54,60,
9,24,43,51,57,
5,22,28,53,57,
5,20,42,59,69,
9,26,50,55,58,
6,9,21,30,45,
7,11,14,36,65,
8,13,19,28,41,
9,21,30,41,51,
6,29,46,48,60,
6,21,42,44,54,
1,4,30,47,57,
1,21,24,48,60,
3,22,47,52,55,
4,11,31,33,60,
9,22,30,41,45,
2,28,33,59,69,
4,29,43,51,60,
7,11,32,47,50,
4,7,30,41,54,
5,8,35,42,65,
1,6,24,46,50,
4,29,39,46,51,
5,28,30,49,58,
6,23,41,48,60,
8,23,27,53,58,
1,26,41,53,58,
3,9,29,50,56,
1,10,36,45,59,
5,26,29,41,46,
9,23,27,54,57,
3,26,42,47,55,
7,25,30,45,47,
1,9,24,28,46,
2,6,27,45,54,
6,9,24,49,55,
2,9,29,50,53,
6,24,30,41,49,
6,9,22,46,56,
1,7,27,52,54,
5,10,25,42,54,
2,14,19,25,31,
10,23,29,51,56,
1,27,49,52,54,
6,10,26,44,53,
1,3,23,50,56,
1,5,30,41,53,
3,26,41,50,53,
8,29,42,47,55,
6,9,24,26,52,
9,24,42,46,55,
5,7,26,29,42,
1,5,22,29,51,
1,5,23,25,50,
6,29,46,49,54,
1,22,47,50,53,
8,23,50,52,57,
9,25,28,36,53,
1,26,44,46,53,
4,25,45,47,60,
7,29,46,52,65,
1,8,21,30,56,
7,9,27,29,60,
1,6,30,43,60,
6,21,25,43,51,
2,5,25,30,60,
5,22,47,54,56,
5,26,30,45,50,
9,24,43,52,56,
3,21,43,55,58,
1,4,23,30,54,
2,10,21,52,58,
8,21,29,43,45,
6,21,24,51,60,
1,22,26,50,52,
1,3,25,42,56,
2,21,42,49,67,
3,18,32,53,65,
1,6,30,47,52,
10,21,42,48,52,
2,13,21,30,55,
3,5,24,41,56,
1,6,26,47,54,
1,22,26,43,58,
7,9,24,29,46,
1,9,28,42,54,
6,10,25,49,55,
5,7,23,48,60,
6,28,46,48,55,
7,28,39,43,54,
5,7,30,48,55,
10,23,29,43,58,
2,11,19,36,63,
6,24,41,46,60,
1,5,26,29,52,
6,10,24,43,48,
4,23,30,49,51,
3,5,28,30,52,
7,25,41,53,58,
3,21,27,46,54,
4,25,47,50,55,
10,41,43,54,58,
3,10,18,39,69,
1,8,21,26,52,
5,7,24,30,56,
1,3,24,42,56,
2,8,27,31,33,
2,21,24,47,58,
7,25,47,50,52,
1,6,27,50,58,
1,26,29,46,57,
7,25,30,41,50,
7,14,19,49,64,
6,23,30,46,55,
4,7,24,37,49,
10,21,46,54,57,
9,28,50,54,60,
4,30,43,51,57,
3,9,28,44,52,
1,4,25,29,53,
5,13,31,34,52,
3,22,41,53,56,
1,4,22,46,58,
10,23,25,44,60,
5,22,49,51,56,
3,10,27,42,57,
8,27,41,51,55,
7,36,46,67,69,
10,21,30,49,60,
2,7,15,45,62,
4,15,39,51,54,
5,7,29,43,54,
4,8,23,47,58,
6,23,30,46,51,
7,9,26,45,68,
7,17,39,50,58,
9,12,24,35,49,
1,9,22,47,55,
3,7,24,43,47,
7,19,26,30,47,
10,31,34,47,51,
1,22,25,50,53,
6,9,24,43,53,
1,7,25,47,50,
10,22,24,41,57,
4,6,23,46,58,
5,9,26,41,48,
7,13,37,48,60,
7,22,29,46,51,
4,25,36,43,69,
5,27,29,45,54,
1,3,26,52,55,
8,27,39,43,60,
6,24,46,52,57,
1,31,34,53,60,
2,8,21,27,45,
4,29,43,47,54,
5,20,27,45,58,
3,6,28,41,53,
3,9,21,28,57,
3,12,37,53,60,
3,21,47,54,60,
1,30,42,47,52,
9,28,43,47,58,
8,13,17,36,51,
8,21,42,53,56,
5,7,25,30,52,
1,21,23,48,51,
5,22,41,58,60,
1,23,44,46,56,
6,21,48,53,57,
1,22,45,47,53,
2,7,25,50,57,
1,24,43,45,54,
5,24,27,44,47,
2,8,21,23,46,
2,9,22,41,44,
3,10,29,43,55,
2,28,30,41,43,
9,22,27,46,56,
6,22,28,54,57,
2,19,21,39,48,
7,19,37,42,58,
3,9,29,52,55,
6,23,29,47,51,
3,9,22,26,56,
6,22,46,53,60,
6,10,24,41,44,
6,22,26,51,55,
3,26,41,53,58,
9,28,45,50,58,
1,4,28,30,60,
7,24,29,43,52,
9,25,48,51,57,
7,10,24,41,49,
5,29,41,53,58,
2,10,28,43,54,
4,9,30,43,48,
1,4,27,29,55,
8,20,31,43,45,
1,21,42,44,57,
7,25,44,47,51,
6,9,22,49,60,
5,25,27,49,52,
8,21,30,42,55,
5,24,41,49,60,
10,13,40,61,69,
6,25,41,48,51,
1,6,22,28,57,
7,26,37,42,67,
1,9,27,41,44,
1,26,45,50,54,
2,10,22,52,57,
5,8,22,43,53,
3,7,30,41,52,
1,24,26,35,45,
4,27,30,41,43,
5,30,42,47,52,
8,23,47,50,57,
6,23,29,46,55,
5,23,25,46,56,
5,10,28,55,61,
1,8,30,50,57,
8,23,44,52,57,
4,6,24,27,52,
6,9,21,26,44,
3,6,21,24,42,
6,36,51,55,67,
9,23,29,42,48,
8,21,28,46,51,
9,35,44,56,65,
1,4,24,26,56,
1,8,26,49,51,
1,23,29,44,56,
6,22,43,47,53,
10,21,29,55,60,
7,13,24,37,50,
1,5,30,42,58,
6,10,25,46,57,
5,7,28,35,48,
5,24,26,47,53,
1,3,28,42,51,
8,17,35,53,60,
4,23,44,52,55,
1,24,41,45,58,
4,8,27,41,55,
2,6,30,46,55,
3,7,22,27,46,
2,11,27,40,69,
2,29,41,46,58,
2,8,21,42,60,
1,3,27,52,56,
6,10,24,49,57,
9,26,30,44,57,
9,21,24,42,52,
5,23,25,48,53,
4,7,21,30,44,
4,7,22,47,53,
10,13,43,58,65,
1,10,23,41,58,
5,27,29,52,55,
4,7,24,41,45,
6,12,31,35,61,
5,7,24,42,47,
8,23,25,46,51,
3,9,24,28,51,
8,10,21,26,55,
6,8,21,24,53,
6,25,42,48,57,
7,9,12,34,55,
4,10,29,46,57,
6,9,22,44,52,
10,27,43,54,60,
2,27,44,47,58,
1,6,30,45,51,
8,22,43,57,60,
6,21,44,47,60,
4,30,41,49,56,
2,8,29,47,56,
5,24,45,51,53,
10,27,39,43,58,
8,21,24,43,60,
3,6,26,50,57,
3,21,25,41,52,
10,37,39,44,69,
1,7,25,44,56,
2,8,21,23,42,
2,29,41,47,54,
1,9,30,46,49,
1,25,43,58,60,
1,25,30,53,55,
2,6,23,29,41,
8,21,24,45,60,
1,24,30,41,45,
1,8,30,53,55,
7,22,30,57,60,
3,6,25,43,55,
3,9,27,49,58,
6,10,25,29,60,
1,6,24,28,41,
9,27,30,47,56,
9,19,31,48,56,
4,23,25,42,60,
5,23,25,52,56,
3,26,46,49,57,
1,5,24,28,46,
6,9,25,50,56,
10,21,24,41,51,
7,9,25,30,52,
9,24,46,52,57,
6,29,49,56,60,
7,14,27,39,66,
4,28,47,51,59,
4,15,27,56,61,
7,10,21,29,55,
4,29,44,51,57,
3,21,23,42,46,
1,24,45,49,60,
2,6,25,28,46,
1,10,24,50,53,
1,24,41,49,53,
5,7,30,45,48,
3,6,29,45,57,
3,7,36,38,65,
2,9,24,41,52,
2,6,21,29,48,
6,24,29,53,60,
9,28,44,48,57,
1,22,26,48,51,
9,21,27,44,58,
4,21,44,51,55,
2,25,46,49,53,
7,22,41,44,53,
1,31,36,51,66,
1,23,41,48,55,
6,10,26,41,58,
2,25,41,47,58,
2,7,24,46,50,
5,22,30,41,55,
3,24,46,53,60,
6,9,24,42,60,
3,7,23,25,56,
3,25,28,41,51,
7,26,43,49,58,
1,22,24,46,52,
2,11,14,27,53,
9,24,26,53,56,
5,9,21,25,50,
9,24,42,50,56,
2,23,25,46,50,
6,21,24,43,55,
4,21,47,52,54,
5,21,45,50,58,
2,9,24,47,55,
9,24,43,49,55,
4,23,30,41,51,
6,8,29,53,55,
9,24,28,41,43,
8,26,42,47,57,
3,28,44,46,55,
7,9,30,41,43,
5,24,28,41,56,
4,23,26,43,54,
7,13,26,41,54,
2,19,25,43,52,
5,8,27,49,56,
1,7,25,41,60,
8,22,47,53,55,
7,21,45,52,64,
2,29,43,56,60,
7,22,27,48,57,
4,16,31,41,49,
9,27,30,51,53,
5,21,50,54,56,
2,5,27,30,57,
8,21,43,52,58,
3,22,26,41,50,
7,23,48,50,58,
7,20,34,51,57,
5,24,49,51,53,
1,25,46,55,58,
7,21,24,42,58,
6,10,22,28,57,
7,14,22,39,55,
1,24,26,46,53,
1,13,39,42,66,
4,6,23,29,48,
2,9,31,55,58,
9,24,45,47,52,
4,9,23,25,55,
2,6,28,30,57,
10,22,24,49,57,
3,20,42,51,57,
4,6,21,23,54,
2,9,30,42,60,
2,8,23,28,47,
4,9,39,56,67,
3,21,24,41,56,
6,9,24,28,46,
5,10,24,47,56,
1,6,25,52,55,
2,21,25,43,47,
7,10,23,30,49,
5,21,24,49,60,
2,24,29,43,55,
2,10,21,29,51,
7,24,40,45,51,
10,25,43,50,53,
6,25,29,45,47,
3,21,24,47,50,
6,9,28,30,57,
9,26,31,35,64,
10,23,29,44,55,
3,24,41,46,60,
1,24,28,44,57,
9,25,29,51,56,
2,8,23,41,49,
7,10,24,43,55,
6,21,46,56,58,
7,9,21,44,55,
10,25,29,55,57,
1,6,24,42,47,
5,27,29,52,60,
3,7,23,30,49,
7,21,30,42,55,
4,6,21,23,48,
2,25,27,47,54,
1,21,44,50,60,
10,22,30,43,47,
1,10,36,49,59,
4,21,29,41,44,
9,27,36,60,67,
5,8,29,46,55,
2,9,21,24,54,
1,6,23,28,58,
5,25,29,52,57,
1,6,23,27,58,
7,22,29,46,55,
6,8,21,46,60,
6,22,41,47,51,
5,24,43,49,53,
4,6,29,46,58,
10,41,43,52,54,
9,27,30,44,46,
8,10,23,28,50,
5,7,26,49,66,
1,4,26,41,48,
7,22,26,43,55,
1,28,30,47,57,
5,24,28,45,54,
1,27,41,49,54,
1,3,30,49,60,
2,12,15,45,67,
7,36,48,53,57,
2,9,21,53,58,
4,7,22,43,58,
3,21,26,50,52,
10,17,35,53,64,
1,6,22,47,56,
10,21,24,47,57,
6,8,27,45,49,
1,10,23,41,48,
5,10,23,29,58,
6,21,30,42,47,
4,19,40,59,69,
1,4,24,46,57,
2,4,21,25,44,
2,25,41,50,58,
1,21,47,51,58,
3,5,26,47,49,
9,12,16,45,51,
6,25,42,52,55,
7,25,29,42,47,
4,9,30,49,53,
7,15,39,56,68,
1,26,35,50,59,
3,6,21,30,56,
5,25,27,58,60,
9,19,22,36,39,
2,10,23,25,46,
3,23,32,56,65,
4,8,29,46,55,
4,19,25,46,53,
1,6,24,51,57,
8,30,41,47,53,
2,27,43,54,56,
4,7,25,28,57,
3,5,21,30,55,
4,6,22,41,46,
10,15,25,35,42,
3,26,45,47,58,
3,10,42,47,52,
6,28,41,46,58,
8,10,13,31,37,
7,23,25,48,55,
3,13,20,23,26,
1,6,24,51,54,
5,13,28,31,34,
3,7,25,28,43,
6,9,22,47,56,
3,8,21,27,49,
1,3,29,56,60,
10,23,27,44,46,
5,22,25,47,53,
4,7,21,26,48,
1,8,23,54,60,
7,30,43,45,52,
10,25,42,55,57,
7,10,29,47,49,
4,9,23,41,48,
10,23,41,50,54,
5,8,23,26,43,
4,9,16,39,65,
5,9,26,43,48,
1,8,24,47,51,
7,28,48,54,57,
5,9,22,25,56,
2,21,29,46,50,
5,22,29,47,50,
3,7,32,36,47,
3,14,32,51,55,
10,33,39,56,59,
5,9,21,44,52,
5,28,47,54,58,
3,8,27,41,53,
10,29,46,49,54,
4,9,25,28,60,
6,25,27,51,53,
10,13,35,44,63,
1,3,25,45,52,
2,29,41,50,56,
2,21,45,53,62,
5,24,43,47,60,
9,22,30,51,55,
2,4,27,30,57,
3,29,46,49,53,
2,21,43,48,51,
5,30,45,48,51,
2,4,11,13,37,
2,5,20,35,59,
1,27,46,51,58,
4,11,32,55,57,
3,5,23,42,54,
2,21,43,46,58,
6,30,43,46,53,
6,22,26,43,57,
4,8,30,43,53,
3,23,28,49,52,
1,4,29,44,52,
3,6,30,47,60,
7,17,35,42,66,
9,22,43,46,52,
3,21,26,43,46,
10,27,41,44,60,
5,8,23,26,50,
7,25,46,52,60,
3,7,26,41,56,
8,27,41,49,56,
7,25,28,43,52,
6,9,29,54,56,
7,21,24,43,52,
1,22,26,43,53,
2,23,25,39,42,
6,8,26,43,47,
6,13,19,49,70,
1,9,25,44,50,
1,3,22,45,55,
3,21,24,51,57,
4,22,41,53,65,
3,7,12,14,35,
2,4,21,27,48,
4,7,16,43,51,
2,27,41,48,55,
5,28,30,46,49,
1,4,24,47,51,
6,9,24,46,60,
9,28,30,41,57,
3,15,36,51,60,
1,4,23,29,53,
6,21,48,56,58,
3,9,25,47,56,
4,8,29,43,45,
6,8,23,46,60,
5,9,28,43,48,
10,18,25,27,45,
6,10,22,25,47,
1,5,28,47,54,
1,7,21,46,48,
10,23,29,44,53,
8,35,42,45,57,
3,8,21,42,50,
3,9,22,26,41,
1,7,29,43,46,
5,28,47,52,58,
5,23,25,49,58,
8,23,25,42,53,
4,25,47,49,58,
4,28,47,54,56,
5,9,23,49,58,
6,35,51,64,69,
3,9,28,30,57,
4,9,11,20,49,
2,7,22,48,57,
8,13,20,35,37,
6,30,41,49,58,
5,9,23,26,58,
1,10,24,49,60,
9,12,19,44,53,
1,8,23,29,53,
8,23,41,58,60,
4,29,41,45,52,
8,22,47,51,55,
2,21,39,51,70,
3,9,26,56,60,
9,24,28,43,51,
5,19,42,49,62,
6,21,27,53,58,
5,9,30,45,47,
5,7,22,39,60,
4,9,22,41,55,
1,3,22,46,52,
5,10,21,29,52,
1,26,30,57,60,
5,9,22,52,58,
1,24,29,42,52,
2,6,30,42,57,
10,16,23,45,53,
9,24,43,51,58,
7,10,21,51,58,
9,30,48,51,55,
2,6,24,28,47,
6,25,42,53,55,
3,10,27,30,47,
8,21,27,50,60,
4,27,30,41,56,
7,11,20,37,50,
7,10,36,47,59,
9,21,44,46,51,
7,33,39,50,70,
1,3,22,41,51,
10,19,23,45,66,
6,21,48,51,54,
6,25,28,43,54,
4,30,45,49,57,
10,23,27,44,55,
4,30,41,46,60,
1,23,27,43,54,
7,21,30,44,50,
3,9,24,51,55,
5,10,24,43,55,
10,24,27,51,57,
8,23,27,52,57,
4,10,27,29,41,
8,21,27,44,50,
4,13,25,47,56,
9,22,28,46,57,
3,9,30,49,51,
2,8,21,28,55,
1,3,27,44,49,
4,6,23,41,44,
9,25,27,50,54,
2,8,35,55,57,
3,6,23,30,51,
9,20,27,51,62,
5,13,42,44,65,
1,24,28,39,65,
6,22,47,50,52,
6,22,45,47,55,
5,10,27,29,44,
10,16,39,57,65,
5,9,25,28,54,
2,5,27,54,57,
5,27,49,54,58,
5,8,27,48,57,
10,29,51,60,63,
4,10,41,45,58,
1,9,21,48,55,
2,8,23,42,46,
10,35,41,48,53,
5,26,29,47,50,
4,10,23,30,45,
5,24,49,52,56,
5,23,48,57,60,
2,23,30,53,69,
7,22,24,45,57,
1,27,48,52,65,
1,8,23,53,58,
1,7,28,44,58,
3,6,23,28,41,
7,36,44,47,53,
7,13,24,28,57,
3,5,28,50,53,
6,9,24,46,55,
3,6,21,47,50,
7,9,27,54,58,
6,23,29,53,55,
1,8,26,49,53,
1,24,47,53,57,
9,21,24,53,58,
5,7,25,29,60,
1,8,22,45,51,
5,25,29,56,60,
10,23,29,51,53,
9,21,48,50,58,
2,9,23,44,48,
1,24,28,47,57,
1,25,42,47,52,
10,15,32,55,67,
10,13,39,63,70,
5,8,23,30,53,
7,26,31,44,47,
6,25,27,48,57,
5,12,35,44,53,
1,6,24,53,57,
3,17,28,35,52,
7,10,25,47,60,
4,29,46,54,57,
6,9,24,27,58,
1,22,47,51,54,
6,9,30,42,49,
3,29,41,50,60,
3,7,28,51,57,
3,7,30,43,46,
6,29,32,45,51,
2,9,32,51,61,
1,25,44,55,57,
1,7,26,30,47,
1,6,22,46,60,
2,21,44,47,56,
9,22,28,41,44,
6,25,27,57,60,
1,6,29,45,60,
10,21,48,50,60,
6,21,26,48,52,
6,22,26,43,46,
1,19,27,42,58,
10,21,44,49,57,
3,22,43,47,51,
2,26,29,43,56,
1,4,30,53,60,
5,9,28,30,53,
1,4,22,49,53,
8,21,42,50,52,
10,26,29,46,51,
8,23,28,55,60,
5,21,30,51,56,
5,10,24,42,46,
9,22,43,58,60,
3,26,41,46,54,
9,24,28,53,60,
1,5,22,46,55,
6,10,41,46,54,
3,27,43,48,51,
4,22,44,46,57,
9,22,24,45,47,
6,8,24,53,57,
6,24,29,51,55,
1,3,28,30,56,
1,27,32,44,53,
1,30,45,47,58,
10,29,41,45,55,
5,8,26,28,47,
9,25,42,44,52,
7,30,52,63,69,
1,8,27,29,41,
1,6,29,55,57,
5,28,35,55,70,
3,5,27,49,54,
7,32,53,63,68,
6,26,29,50,60,
3,26,47,56,60,
6,10,23,54,56,
8,23,41,43,55,
9,22,30,47,52,
4,15,19,49,58,
8,21,47,50,56,
3,26,29,46,57,
2,26,29,41,53,
6,25,27,49,60,
7,13,20,41,64,
5,7,28,30,46,
5,10,23,30,43,
4,26,43,45,54,
1,3,27,46,49,
1,7,25,29,60,
10,21,27,46,58,
7,23,49,52,54,
1,10,21,30,41,
1,6,28,48,57,
1,7,23,25,44,
2,15,39,44,51,
10,23,28,47,54,
1,24,27,41,51,
3,23,46,57,60,
10,22,43,46,56,
2,7,30,46,53,
4,21,24,41,54,
1,3,27,30,53,
8,15,27,36,55,
9,30,42,44,51,
1,12,31,45,58,
3,23,48,51,53,
5,7,22,44,51,
7,10,37,44,55,
7,26,40,59,65,
1,5,26,48,55,
7,22,44,53,57,
9,26,29,42,57,
1,13,16,42,65,
2,6,22,41,43,
7,19,29,36,46,
4,6,22,24,41,
2,8,21,43,46,
8,23,41,46,56,
1,5,24,28,43,
10,29,47,51,54,
6,29,41,52,60,
9,22,41,49,52,
9,20,27,44,55,
5,21,24,45,48,
4,31,39,43,54,
4,23,25,44,55,
6,9,30,56,60,
2,21,27,51,70,
3,10,24,41,51,
8,29,47,51,55,
5,21,24,55,58,
7,13,23,36,44,
8,27,29,43,49,
1,30,43,49,55,
1,27,30,48,53,
4,15,30,39,45,
3,10,23,42,49,
5,29,44,46,51,
5,24,46,53,58,
7,21,28,45,48,
5,22,45,54,57,
2,4,25,41,47,
2,9,24,45,55,
1,4,23,30,56,
5,24,46,48,60,
7,10,15,35,62,
3,22,26,43,46,
7,21,30,49,58,
6,8,21,44,56,
1,24,27,49,55,
6,21,44,46,60,
9,16,20,49,53,
6,9,23,25,52,
4,9,24,49,51,
2,26,29,41,60,
2,6,21,44,55,
2,15,36,55,59,
5,7,25,30,56,
6,23,47,53,58,
7,25,36,47,60,
10,21,29,42,57,
6,8,26,47,57,
6,8,25,28,46,
5,23,46,54,56,
1,24,41,45,53,
5,24,29,46,51,
7,24,28,43,50,
5,23,48,53,56,
6,30,43,46,56,
5,8,27,30,47,
6,21,28,51,58,
2,5,29,51,53,
2,29,46,53,55,
2,25,29,41,51,
3,21,27,53,58,
4,20,35,43,61,
8,21,44,51,57,
7,10,33,53,58,
1,7,24,41,43,
4,19,24,37,55,
1,8,21,44,53,
1,27,30,50,53,
5,27,50,53,58,
2,9,26,29,53,
6,8,30,43,56,
1,8,30,41,60,
5,24,46,54,56,
4,23,25,51,56,
5,29,46,51,53,
7,24,29,55,57,
7,10,42,44,57,
10,21,27,49,54,
1,6,24,50,60,
7,13,28,33,48,
10,36,45,57,67,
8,21,26,45,48,
1,22,48,50,53,
3,9,21,48,60,
8,21,27,41,49,
10,17,25,35,56,
9,24,41,48,55,
7,18,44,55,65,
1,6,21,24,50,
6,22,41,47,56,
10,13,27,41,66,
1,6,23,44,50,
8,23,47,55,57,
1,25,36,39,60,
7,10,21,44,54,
6,9,26,48,55,
2,7,22,27,41,
10,22,25,49,57,
1,3,29,46,52,
2,8,29,43,49,
3,8,21,28,41,
1,26,30,46,58,
6,23,30,43,56,
7,16,27,38,51,
9,25,43,50,52,
6,9,28,44,57,
1,3,25,28,51,
6,9,22,46,50,
1,30,42,57,60,
3,9,27,54,60,
6,9,25,52,57,
4,13,43,55,62,
1,4,25,46,51,
6,8,26,45,57,
8,26,43,45,56,
5,10,35,48,55,
3,6,24,47,51,
2,27,51,57,68,
6,9,26,30,43,
10,23,35,50,61,
5,7,27,29,58,
1,6,24,46,56,
5,22,24,45,57,
1,3,29,49,60,
3,6,27,49,60,
2,24,41,43,52,
1,30,47,52,58,
4,21,29,46,57,
1,24,43,45,60,
8,10,23,49,51,
10,15,22,27,39,
3,28,41,48,60,
7,29,47,58,60,
9,22,26,45,53,
1,5,26,46,58,
10,31,43,50,61,
1,21,24,46,55,
3,22,26,43,56,
5,24,27,52,55,
5,24,29,46,52,
5,21,47,54,60,
4,9,22,29,47,
3,20,35,40,69,
9,22,25,42,51,
5,7,32,54,65,
9,22,43,46,55,
5,10,22,53,56,
1,6,24,42,57,
7,9,24,30,49,
8,27,41,48,51,
3,27,30,42,46,
7,26,41,49,64,
1,3,28,43,46,
5,13,16,31,60,
1,10,22,29,41,
4,9,24,50,55,
1,10,27,54,56,
10,24,37,39,51,
8,21,43,55,57,
9,24,30,43,55,
5,28,30,43,49,
9,24,43,45,51,
9,13,22,39,42,
4,25,33,52,69,
6,9,22,29,52,
5,9,22,46,56,
2,9,25,42,45,
3,28,42,47,54,
10,29,43,48,56,
1,24,27,45,55,
3,20,26,51,63,
2,15,19,29,56,
6,30,43,47,53,
2,30,33,39,69,
5,27,34,55,60,
6,9,26,29,46,
3,9,30,43,50,
2,29,41,45,56,
5,9,22,27,48,
9,31,36,49,54,
1,23,43,58,60,
8,23,30,45,50,
2,8,25,50,57,
8,13,19,33,42,
1,9,27,44,50,
3,6,21,52,58,
4,9,24,28,49,
9,28,46,48,54,
9,28,30,45,47,
4,9,25,27,54,
6,21,24,51,57,
7,23,30,54,57,
10,27,29,43,52,
9,21,45,48,56,
5,10,23,48,57,
5,22,27,41,54,
9,13,26,30,35,
4,26,43,45,67,
7,10,27,43,58,
2,6,24,48,57,
6,27,31,55,62,
6,13,16,35,65,
6,10,29,41,52,
3,6,23,26,47,
4,28,45,59,63,
1,23,46,54,60,
5,13,27,54,56,
10,29,42,46,52,
7,20,43,65,70,
6,8,22,27,49,
4,23,27,48,55,
7,21,44,46,58,
1,25,49,51,60,
9,21,23,48,51,
7,9,24,29,53,
1,6,21,24,56,
3,7,21,25,56,
9,24,27,54,57,
10,29,41,47,51,
2,24,45,63,69,
9,41,44,57,60,
9,24,30,52,55,
9,23,46,53,58,
5,19,29,36,60,
8,23,41,50,57,
1,13,36,51,70,
6,21,27,46,58,
4,9,25,43,54,
1,6,22,25,42,
1,3,26,28,44,
2,23,31,49,70,
10,24,29,43,50,
5,29,49,55,58,
1,4,26,44,47,
1,20,31,55,68,
7,9,23,49,54,
9,22,47,52,60,
4,6,25,43,45,
9,27,30,46,56,
7,25,47,51,54,
3,6,23,28,46,
10,25,29,41,49,
1,24,27,47,50,
10,29,36,41,65,
10,15,30,39,51,
1,7,22,28,53,
4,8,21,25,49,
3,24,43,52,55,
1,5,21,48,55,
7,9,27,52,64,
1,9,22,49,54,
6,30,41,52,57,
2,25,29,46,53,
8,10,21,45,54,
5,23,28,51,58,
3,6,23,47,56,
7,19,30,52,57,
4,10,23,29,58,
4,26,30,49,57,
1,27,44,47,57,
3,28,39,47,50,
3,6,23,46,60,
6,9,27,48,51,
5,23,29,56,58,
5,21,27,48,51,
4,7,22,30,47,
10,21,24,41,46,
4,7,24,43,57,
5,24,29,45,51,
7,15,45,50,64,
2,21,28,43,54,
1,24,27,46,57,
1,5,25,29,50,
2,5,23,26,44,
4,9,28,45,54,
9,22,25,46,56,
1,10,24,42,60,
4,10,24,43,45,
4,21,25,42,44,
7,22,27,46,53,
5,29,42,47,51,
1,22,45,50,60,
6,25,29,50,53,
3,30,47,49,51,
5,7,24,30,55,
9,21,24,46,60,
2,29,33,35,42,
6,27,29,43,46,
2,21,35,49,70,
6,27,41,54,57,
5,31,35,42,48,
10,24,43,54,57,
9,25,42,55,58,
1,23,48,50,54,
5,22,26,42,49,
8,23,47,54,60,
4,9,31,44,49,
5,8,23,42,50,
5,26,31,53,58,
1,9,26,30,45,
9,27,29,52,55,
6,30,42,46,57,
9,22,26,45,51,
7,29,41,46,60,
9,28,46,55,58,
3,7,25,41,52,
5,11,20,27,50,
2,9,23,29,60,
2,5,25,51,56,
3,25,42,47,51,
7,22,31,46,55,
3,9,22,27,51,
1,6,25,44,60,
1,6,25,42,46,
1,24,26,41,58,
1,4,31,39,64,
3,5,23,44,60,
6,22,47,52,56,
6,22,46,49,53,
7,23,28,55,58,
5,28,43,48,53,
2,23,43,46,58,
1,10,25,50,58,
5,22,24,45,49,
1,6,29,46,53,
8,26,41,49,56,
2,8,22,41,43,
2,9,26,48,51,
5,16,27,35,42,
6,24,29,43,56,
4,15,28,49,59,
6,21,23,54,60,
3,26,41,48,52,
2,24,28,43,45,
3,10,29,41,43,
3,10,28,47,56,
4,9,30,42,50,
4,26,29,52,57,
2,5,22,43,46,
5,25,46,52,58,
2,7,22,41,57,
3,22,27,41,45,
5,23,25,50,56,
1,6,30,42,56,
2,28,42,48,57,
8,12,35,37,51,
1,28,44,46,57,
3,12,32,57,69,
1,21,28,54,57,
7,16,26,41,55,
10,21,30,49,51,
7,26,30,46,60,
6,10,29,43,54,
8,32,39,49,57,
10,28,41,48,57,
5,24,42,47,60,
4,6,21,48,54,
3,6,28,46,48,
4,6,27,51,54,
3,21,32,53,56,
5,27,30,51,60,
2,29,47,52,60,
5,23,30,41,52,
5,7,22,24,47,
1,6,23,29,42,
3,9,26,43,54,
9,22,28,45,50,
1,5,26,42,48,
7,36,38,45,67,
3,9,25,28,50,
6,24,30,41,45,
3,6,24,42,46,
9,25,44,50,57,
5,26,29,51,58,
8,23,28,42,45,
5,20,31,55,58,
6,30,44,50,57,
10,29,41,45,60,
5,7,30,42,49,
4,23,41,43,58,
6,21,48,50,52,
4,6,21,46,48,
1,21,30,56,60,
8,19,21,36,49,
6,21,48,54,60,
1,20,31,48,51,
10,29,33,56,69,
8,27,30,47,53,
4,21,25,50,53,
8,27,44,51,57,
3,25,46,51,57,
8,23,44,52,55,
8,30,41,51,57,
1,28,44,49,55,
3,7,21,48,51,
1,10,24,28,55,
7,20,33,35,58,
6,28,44,46,57,
7,21,29,46,60,
9,30,43,51,53,
5,22,24,53,57,
7,26,42,44,57,
5,22,28,46,57,
8,21,26,48,57,
9,24,29,41,51,
2,13,16,37,45,
9,24,41,55,57,
7,24,27,46,49,
5,22,47,50,52,
1,3,25,41,50,
6,8,21,26,43,
1,25,43,45,60,
10,25,43,47,57,
1,3,30,49,51,
9,22,41,53,55,
6,9,30,46,49,
10,23,30,42,52,
2,19,35,57,62,
3,25,47,52,56,
3,21,44,51,55,
2,4,29,41,60,
2,25,35,38,45,
3,23,50,52,57,
7,27,29,54,57,
3,26,29,47,52,
10,27,43,50,61,
10,29,47,53,57,
2,24,41,46,55,
5,28,46,48,60,
5,29,43,47,60,
1,24,47,55,57,
7,19,24,26,47,
5,23,46,48,56,
1,23,27,53,58,
6,8,23,47,53,
3,10,23,27,54,
5,22,27,44,49,
5,22,43,55,58,
6,22,27,51,56,
3,24,43,45,53,
1,23,44,51,55,
1,25,42,46,53,
5,7,29,42,57,
7,30,46,53,55,
2,23,25,46,52,
6,24,50,53,57,
5,30,46,57,60,
8,22,43,55,57,
2,21,29,41,43,
3,7,32,40,55,
2,25,46,48,55,
1,10,24,29,43,
6,23,42,54,57,
1,8,23,28,50,
1,4,30,45,48,
1,27,47,54,57,
3,9,24,47,55,
6,24,47,56,58,
5,20,32,49,67,
2,25,28,50,57,
3,5,24,46,49,
6,25,41,46,52,
1,27,29,44,60,
3,28,41,51,60,
5,8,27,46,58,
9,20,22,39,55,
1,27,39,60,70,
8,30,47,50,57,
5,22,27,41,43,
1,25,42,50,60,
4,23,29,51,54,
7,28,43,54,65,
7,31,40,49,62,
8,23,30,43,60,
1,21,25,56,58,
4,9,23,30,54,
8,21,47,55,60,
9,23,28,43,58,
5,8,21,26,48,
7,22,41,43,54,
4,23,25,43,48,
10,17,29,35,56,
2,6,28,44,47,
6,8,21,28,43,
3,9,28,30,51,
3,5,30,55,60,
3,21,42,49,52,
9,24,43,47,52,
1,31,50,55,58,
5,7,24,41,56,
6,8,24,41,53,
2,6,23,41,44,
6,8,23,48,60,
1,3,22,45,53,
4,25,41,47,52,
1,9,25,28,45,
10,27,30,43,47,
1,12,31,50,61,
7,9,25,46,60,
2,9,25,30,49,
7,19,26,41,64,
3,6,24,28,57,
5,8,23,29,50,
3,10,21,29,41,
7,22,30,41,50,
5,29,32,52,69,
6,29,46,51,57,
2,7,22,30,41,
3,25,43,49,56,
9,22,49,53,60,
1,3,22,46,60,
1,24,27,41,58,
9,25,49,56,60,
3,28,51,56,63,
7,22,43,46,55,
2,24,29,51,57,
9,25,47,49,58,
9,30,45,51,53,
3,25,43,55,60,
1,8,21,23,50,
5,30,49,51,54,
8,23,27,46,50,
6,30,45,49,55,
10,26,29,47,50,
1,6,28,30,46,
3,23,30,52,56,
2,24,43,51,53,
5,26,41,49,54,
2,9,26,47,54,
3,6,29,42,47,
9,25,47,50,58,
5,22,44,51,57,
3,13,26,35,46,
3,9,22,53,55,
2,9,21,25,46,
7,18,48,51,53,
1,6,22,45,48,
10,15,25,35,52,
2,9,22,27,48,
1,27,29,46,50,
3,12,21,42,53,
2,6,22,43,57,
4,7,25,47,58,
10,21,24,55,57,
3,5,30,41,56,
10,22,35,47,55,
5,27,42,58,60,
2,27,29,45,47,
9,24,27,46,60,
1,22,27,42,49,
3,22,28,41,50,
9,22,26,49,55,
8,30,46,53,55,
3,25,28,41,52,
1,8,25,57,60,
5,10,26,47,54,
1,10,22,24,43,
3,10,25,27,57,
1,22,28,49,55,
8,21,28,43,45,
9,26,30,51,56,
10,21,30,47,55,
4,23,26,45,48,
5,28,31,36,59,
2,29,35,40,49,
6,10,23,46,54,
3,6,21,26,58,
6,25,29,42,55,
1,6,22,27,45,
1,28,30,45,55,
2,20,23,29,51,
5,27,44,55,58,
6,27,31,44,51,
6,27,41,55,58,
6,21,29,42,46,
9,26,30,42,50,
3,21,28,44,53,
5,22,26,47,51,
6,16,35,39,45,
5,23,44,51,57,
2,5,23,28,44,
1,21,42,48,51,
8,29,41,50,60,
6,8,27,46,51,
5,8,22,45,60,
5,24,28,47,57,
4,6,25,27,50,
5,22,26,44,46,
10,15,25,50,69,
1,6,27,30,54,
5,26,43,48,56,
7,24,28,45,57,
5,29,42,52,60,
6,10,29,48,57,
1,9,27,56,58,
6,9,22,27,52,
4,14,35,39,61,
7,29,41,44,60,
1,30,48,53,60,
1,23,26,44,52,
2,7,29,46,48,
6,9,28,30,46,
5,29,43,52,58,
1,10,35,45,54,
1,5,24,55,58,
1,26,29,43,60,
8,10,41,45,53,
10,23,46,51,54,
1,9,28,53,58,
3,8,27,43,56,
8,21,24,41,53,
2,6,22,41,46,
6,24,43,46,51,
5,26,39,62,69,
7,21,24,42,54,
5,20,44,49,53,
7,9,30,44,53,
5,28,44,47,55,
2,19,37,39,44,
10,23,29,41,54,
9,21,43,56,58,
4,22,26,41,43,
8,19,31,43,52,
9,22,27,49,51,
6,24,29,53,57,
7,9,30,41,47,
2,11,17,28,39,
6,8,28,51,57,
1,22,25,57,60,
3,6,24,43,51,
8,10,21,46,52,
3,26,30,43,51,
2,9,24,48,51,
1,9,25,44,56,
2,28,41,55,67,
6,21,44,47,55,
10,22,41,49,55,
4,27,41,62,69,
2,9,23,41,48,
6,24,41,45,58,
1,8,27,53,56,
1,7,20,44,49,
5,30,47,58,60,
4,9,25,27,56,
1,10,29,48,57,
6,10,25,51,55,
1,5,26,48,57,
1,8,26,51,56,
2,29,41,53,55,
3,7,26,41,58,
5,8,35,39,42,
1,4,28,35,61,
5,21,24,46,50,
2,8,23,46,55,
4,21,30,45,49,
4,29,42,57,65,
9,26,28,44,46,
6,9,30,42,46,
9,25,29,47,50,
4,8,28,51,57,
7,9,22,28,51,
1,24,43,47,52,
3,9,21,27,54,
1,23,48,57,60,
2,5,25,27,58,
6,22,43,54,56,
1,7,24,43,54,
1,3,26,31,60,
2,6,23,44,49,
7,15,27,42,48,
8,19,21,50,65,
5,7,21,24,41,
7,25,27,43,48,
6,30,41,46,52,
2,5,30,47,57,
4,7,16,43,69,
5,24,26,43,57,
10,19,28,43,67,
1,26,42,55,61,
9,23,26,47,54,
1,6,29,44,56,
4,23,46,54,60,
3,9,41,46,56,
1,6,30,48,52,
7,23,44,51,57,
7,21,24,46,55,
5,28,47,49,54,
10,28,30,41,52,
8,10,26,43,50,
8,23,29,43,51,
4,22,29,41,52,
1,23,25,48,60,
6,25,44,46,56,
9,24,31,50,53,
1,10,25,46,57,
2,5,23,44,46,
5,30,35,51,56,
10,21,25,44,46,
10,25,29,43,55,
1,9,24,26,55,
8,29,47,57,60,
6,22,46,55,57,
10,21,24,47,55,
5,7,21,26,58,
6,27,43,54,57,
10,22,41,54,57,
1,22,44,53,55,
9,28,41,44,58,
7,25,42,50,57,
1,6,23,49,54,
7,32,35,43,64,
1,6,26,29,52,
5,10,21,44,56,
5,13,28,49,68,
7,21,42,51,58,
3,21,28,58,60,
10,21,24,41,54,
6,8,30,41,50,
3,15,19,32,42,
4,26,29,43,55,
6,24,41,45,55,
1,7,30,41,50,
10,21,24,41,55,
4,26,30,41,45,
2,24,43,56,60,
5,10,27,34,53,
7,23,26,51,58,
1,27,44,51,60,
6,24,41,53,58,
10,41,45,51,54,
2,23,46,48,57,
4,6,25,41,60,
3,7,21,28,36,
3,7,25,50,57,
4,21,30,54,57,
2,20,23,35,59,
5,7,22,43,56,
5,28,43,46,58,
5,8,23,26,44,
1,4,25,43,48,
1,6,22,41,50,
2,6,29,46,52,
4,15,28,55,61,
5,9,22,26,43,
1,27,30,42,49,
1,8,21,51,54,
8,22,43,45,52,
7,9,22,26,45,
1,10,28,30,55,
4,9,30,50,55,
3,22,26,43,45,
1,6,27,29,41,
6,23,29,44,50,
4,6,21,30,47,
2,26,41,50,54,
4,25,29,47,51,
9,23,45,53,58,
10,18,45,53,67,
3,21,46,51,57,
1,9,27,29,50,
9,30,49,51,54,
7,31,44,46,51,
3,14,27,49,60,
5,9,22,28,46,
6,9,24,28,47,
7,21,44,54,60,
1,10,21,46,54,
1,22,36,45,55,
5,24,41,46,53,
4,6,24,47,55,
5,8,23,27,50,
5,8,29,45,53,
2,9,41,48,54,
2,26,41,44,56,
4,29,41,48,60,
5,9,24,26,55,
5,23,27,44,57,
6,28,48,53,55,
5,27,30,52,65,
1,8,26,50,56,
3,9,24,28,49,
4,7,30,47,65,
6,9,23,44,50,
10,25,42,46,52,
5,9,24,42,47,
2,15,22,49,53,
3,12,18,27,35,
6,22,27,45,47,
6,28,41,48,60,
1,23,30,42,46,
3,7,17,26,50,
10,21,30,43,51,
6,29,41,52,57,
5,30,47,49,56,
1,21,48,51,57,
1,10,27,30,39,
5,21,45,48,53,
1,24,42,51,54,
1,7,25,41,52,
3,5,21,46,56,
5,22,29,45,55,
10,33,55,58,69,
3,10,42,47,55,
5,26,30,49,53,
3,10,23,42,47,
6,9,27,30,49,
1,5,29,45,58,
1,5,30,42,52,
7,28,35,46,61,
5,19,31,36,48,
7,20,34,39,57,
3,7,28,46,50,
3,6,21,29,56,
2,19,25,36,41,
5,7,23,46,48,
2,5,24,27,49,
10,24,28,43,57,
4,11,13,32,57,
3,8,23,27,53,
6,8,27,43,46,
6,22,41,50,56,
8,27,50,57,60,
4,7,25,42,57,
3,28,30,53,57,
5,8,24,46,49,
2,24,26,43,51,
8,30,41,46,52,
5,23,48,53,57,
4,21,29,42,44,
8,27,35,40,65,
2,6,25,46,53,
1,27,41,48,60,
5,21,29,54,60,
2,23,29,47,54,
3,24,26,46,49,
3,8,23,42,57,
5,26,43,54,57,
4,16,39,57,69,
6,23,26,44,46,
2,6,22,46,57,
7,23,44,46,57,
4,17,25,27,36,
4,9,27,29,56,
4,6,25,29,43,
3,7,22,45,47,
1,30,41,43,56,
1,5,23,50,54,
9,24,27,50,58,
1,30,43,45,60,
10,35,44,63,69,
6,9,22,28,47,
10,24,41,46,57,
5,24,49,52,55,
1,5,25,54,60,
6,27,44,51,53,
6,10,42,48,55,
6,12,27,29,31,
5,7,13,26,30,
1,3,26,42,58,
10,27,30,41,51,
3,12,37,42,55,
9,27,30,52,56,
2,12,17,29,35,
2,23,44,49,51,
7,25,30,41,55,
2,5,24,28,41,
8,22,26,47,51,
7,9,29,50,53,
5,26,29,48,57,
3,22,43,45,60,
5,29,45,51,54,
9,30,35,52,69,
7,21,25,49,60,
3,33,50,52,69,
5,8,27,43,49,
5,8,30,51,57,
7,9,36,53,66,
2,29,43,55,60,
10,14,25,51,65,
6,24,41,43,52,
6,21,45,48,58,
6,9,22,49,53,
4,7,21,30,57,
6,25,47,51,54,
6,25,30,45,53,
8,13,21,28,49,
3,8,27,41,51,
6,30,46,51,54,
6,9,30,41,56,
5,23,25,42,46,
7,23,42,49,58,
2,8,23,41,44,
1,8,21,46,60,
10,25,27,50,57,
5,7,24,30,46,
1,28,43,52,58,
10,21,24,43,57,
6,28,48,52,57,
2,10,23,48,51,
1,7,28,44,55,
3,5,24,42,52,
2,9,19,30,45,
4,20,29,51,57,
6,23,41,48,53,
4,21,42,55,58,
4,17,29,51,56,
7,20,41,44,53,
3,5,23,26,47,
6,22,46,51,53,
1,10,27,53,70,
2,6,24,46,57,
5,26,31,53,62,
1,5,22,24,45,
5,22,28,46,55,
9,22,44,57,60,
1,22,25,43,50,
10,22,25,43,55,
5,23,30,56,60,
5,26,32,45,61,
1,23,30,46,49,
5,24,26,42,55,
1,3,24,26,52,
3,6,30,41,51,
7,10,22,43,53,
1,3,25,28,46,
2,6,21,30,47,
7,16,18,39,49,
4,22,47,51,55,
4,20,27,41,67,
3,26,46,53,56,
4,6,24,47,51,
3,13,19,46,56,
1,22,46,53,58,
1,9,24,47,51,
7,14,26,35,59,
10,21,24,45,51,
2,9,22,27,46,
1,28,30,44,49,
1,24,27,51,56,
6,23,29,42,46,
3,24,47,49,55,
2,21,29,48,52,
7,23,41,50,54,
1,8,25,27,53,
1,8,23,42,48,
2,28,41,48,55,
1,23,44,48,52,
6,23,30,46,50,
1,10,22,25,47,
3,10,21,27,42,
1,8,26,41,47,
7,22,43,45,57,
5,10,22,41,46,
5,21,48,57,60,
5,7,24,51,55,
5,22,30,42,57,
5,23,28,52,54,
1,9,24,45,48,
7,22,30,43,57,
4,30,46,51,60,
5,23,48,52,58,
7,27,30,51,57,
4,12,35,47,67,
3,22,47,52,57,
6,9,23,44,56,
3,21,24,51,53,
1,6,21,42,44,
3,7,12,14,39,
7,24,29,51,57,
3,6,22,47,50,
5,28,42,54,60,
1,24,41,57,60,
2,29,36,47,49,
1,10,23,46,54,
1,21,44,46,51,
9,25,42,48,55,
9,20,49,65,68,
9,24,30,49,55,
4,9,24,56,60,
3,9,22,26,47,
4,9,30,42,57,
5,27,43,45,58,
2,29,48,55,57,
2,6,30,43,47,
5,30,41,47,56,
5,7,26,29,50,
3,10,26,45,57,
1,13,32,58,69,
6,10,31,35,59,
9,12,27,29,50,
10,22,43,47,58,
6,21,24,41,53,
8,10,39,43,69,
6,22,25,55,57,
8,19,28,35,43,
1,10,25,27,45,
5,24,26,49,53,
1,8,21,47,49,
6,8,21,53,60,
3,9,28,41,57,
1,4,21,30,44,
4,23,29,42,46,
1,27,29,44,57,
3,8,26,47,52,
5,10,19,48,51,
5,10,25,49,51,
5,7,30,51,53,
9,24,41,50,56,
9,19,24,27,56,
6,23,25,41,56,
1,3,21,46,49,
1,3,22,28,57,
3,9,25,41,60,
9,22,27,44,50,
10,23,41,44,57,
2,10,29,41,48,
5,9,24,49,54,
8,29,43,47,52,
6,21,43,49,58,
3,9,26,42,55,
2,25,41,45,51,
10,39,51,57,66,
5,8,29,49,56,
9,21,29,42,51,
1,13,39,50,64,
9,22,43,54,60,
4,25,29,47,49,
10,25,43,49,55,
9,23,30,47,55,
5,22,27,42,44,
1,20,49,66,69,
6,23,47,50,54,
8,21,28,41,46,
5,12,31,55,68,
2,7,28,44,47,
6,21,25,43,45,
10,26,29,43,60,
7,28,44,47,51,
2,9,22,44,47,
5,9,25,44,51,
10,12,23,31,61,
3,8,21,27,57,
3,25,28,52,57,
3,7,28,41,46,
1,6,25,43,56,
10,41,50,53,58,
7,12,19,34,57,
8,23,26,51,69,
3,10,26,47,49,
7,19,32,44,47,
8,35,37,50,65,
9,24,26,43,45,
3,6,28,47,49,
5,22,41,50,58,
2,21,30,57,60,
6,29,41,52,58,
6,8,21,29,50,
3,9,28,49,52,
8,10,29,43,45,
7,22,43,51,60,
3,6,28,35,51,
10,25,43,47,58,
1,6,21,52,54,
8,19,46,55,65,
4,9,27,54,57,
3,5,22,47,56,
2,6,30,43,46,
2,9,25,44,57,
1,6,24,27,41,
6,10,27,30,42,
2,23,53,62,65,
1,4,30,45,53,
1,8,27,52,58,
3,9,12,32,53,
7,29,43,46,54,
9,21,30,57,60,
3,25,43,46,55,
7,26,43,48,55,
10,19,35,43,64,
4,6,29,49,54,
1,25,30,42,45,
9,24,46,49,52,
2,22,47,49,53,
3,15,26,50,55,
8,27,30,46,51,
1,10,22,47,50,
3,10,21,25,51,
2,4,24,47,51,
1,23,44,52,57,
1,7,29,52,54,
5,9,22,26,50,
3,5,23,46,56,
1,24,43,55,58,
5,12,31,53,62,
1,25,28,42,44,
10,23,34,39,45,
1,7,34,52,55,
3,7,26,41,44,
1,26,41,48,56,
10,25,46,49,53,
3,9,35,42,56,
9,28,47,54,58,
2,21,45,52,58,
6,24,43,52,58,
2,4,23,29,41,
1,8,30,43,60,
6,9,25,50,58,
4,25,42,46,60,
10,15,27,29,36,
1,26,45,48,58,
4,9,30,41,53,
2,5,26,39,61,
5,8,22,26,45,
4,30,43,53,58,
9,25,49,53,58,
4,7,22,30,57,
10,21,27,52,54,
5,26,30,41,46,
1,9,24,26,48,
7,17,28,51,68,
3,18,26,39,69,
9,24,29,43,50,
4,22,30,43,57,
3,9,26,41,44,
1,22,46,49,58,
1,9,26,41,54,
7,24,26,53,57,
9,24,46,50,53,
3,6,21,45,49,
6,21,43,48,60,
10,25,39,46,55,
4,6,30,43,57,
10,22,47,53,55,
5,7,30,42,54,
7,23,29,43,60,
7,9,27,30,42,
1,22,42,46,55,
9,21,26,43,58,
3,28,43,46,54,
4,6,30,41,47,
2,8,26,50,57,
7,25,44,47,55,
5,21,44,46,53,
6,29,44,52,55,
6,22,41,50,55,
4,6,21,29,44,
1,3,21,26,50,
3,7,30,43,55,
2,9,22,41,51,
8,22,46,49,55,
1,8,35,49,56,
3,22,26,41,49,
5,29,42,47,52,
4,7,25,43,60,
9,21,42,48,55,
1,6,29,50,58,
1,3,26,29,56,
3,26,29,43,60,
3,32,46,55,65,
2,22,43,49,58,
3,26,28,47,60,
7,9,25,49,54,
7,23,25,47,56,
10,14,19,31,61,
9,24,26,41,50,
10,22,26,47,49,
1,3,24,27,53,
10,29,43,48,60,
9,22,35,53,56,
1,6,22,46,56,
1,24,30,43,45,
2,25,41,56,58,
9,30,47,55,58,
7,24,41,44,60,
4,15,31,42,67,
7,30,36,39,41,
4,8,29,43,46,
3,21,28,46,50,
2,6,22,30,47,
10,21,51,55,62,
2,5,24,45,50,
8,21,42,55,58,
2,5,23,29,56,
3,5,28,45,49,
4,8,21,29,51,
7,9,24,28,60,
4,26,43,46,54,
10,17,29,42,49,
1,10,26,48,50,
2,19,30,43,53,
4,8,21,30,45,
4,7,32,57,67,
10,26,31,37,67,
4,19,25,47,60,
4,9,28,49,59,
6,28,43,48,57,
7,26,44,55,57,
2,25,43,48,53,
7,17,22,26,39,
8,21,26,42,60,
2,29,41,53,56,
3,7,24,41,53,
9,22,43,53,57,
10,27,37,53,66,
10,22,28,53,57,
5,11,26,31,36,
2,7,16,23,27,
6,19,42,51,59,
9,22,49,52,56,
3,6,21,46,52,
2,5,22,43,47,
2,23,41,48,55,
4,26,46,48,57,
3,21,45,53,60,
5,7,30,45,52,
5,12,36,39,59,
1,21,43,50,58,
6,21,44,47,52,
3,7,21,42,53,
2,7,24,41,48,
2,10,21,46,58,
5,22,41,47,56,
6,23,25,48,60,
10,23,25,42,46,
9,22,43,48,53,
9,28,43,47,54,
9,22,27,53,60,
8,21,27,50,55,
5,10,28,49,54,
9,25,27,45,54,
1,4,25,47,60,
4,19,37,52,59,
8,23,45,47,51,
1,10,22,43,57,
6,10,22,54,57,
5,8,30,42,57,
6,9,21,48,51,
6,24,28,41,57,
10,23,31,35,44,
8,23,29,43,60,
5,7,26,35,58,
3,28,41,45,53,
10,29,43,51,55,
3,22,47,50,57,
5,19,36,55,68,
6,9,21,44,56,
6,29,45,50,65,
9,22,47,50,58,
3,30,41,46,55,
10,21,29,42,47,
4,30,43,45,57,
7,23,29,46,54,
5,7,22,25,50,
5,25,27,48,50,
8,23,28,51,55,
7,10,19,43,54,
6,24,47,50,57,
8,26,45,47,55,
7,14,20,29,51,
6,23,29,46,60,
7,24,46,49,56,
6,27,31,54,65,
4,9,21,42,48,
10,22,46,52,57,
2,9,30,45,60,
3,21,44,49,57,
1,4,21,48,56,
10,23,46,48,54,
10,21,23,41,44,
7,29,43,55,58,
7,24,38,49,55,
9,23,28,47,54,
6,29,49,53,58,
4,6,22,47,54,
5,10,21,30,52,
9,24,26,41,60,
5,8,21,27,51,
4,7,19,40,59,
1,4,29,46,53,
2,9,24,27,49,
1,23,28,43,48,
1,21,46,48,56,
9,19,28,58,65,
1,6,27,30,55,
7,15,42,53,62,
1,10,26,39,61,
10,19,23,34,53,
3,8,27,43,51,
9,26,49,56,58,
2,24,28,47,56,
5,27,46,48,56,
6,24,30,52,57,
4,29,39,47,60,
10,24,26,41,46,
6,21,24,54,60,
3,7,22,28,41,
2,21,45,50,54,
3,26,46,54,57,
6,29,41,45,53,
6,25,29,51,53,
10,37,49,51,58,
2,9,24,43,57,
1,6,23,50,58,
9,26,43,46,58,
1,5,24,42,50,
1,22,27,46,60,
3,9,27,45,52,
2,20,31,61,63,
8,26,45,53,57,
10,23,26,44,47,
7,9,26,48,58,
1,10,24,48,51,
2,10,22,25,47,
8,21,28,45,56,
8,23,29,47,56,
5,16,27,45,60,
5,8,25,28,55,
1,3,21,52,58,
4,7,29,47,58,
2,17,29,51,56,
10,22,41,49,51,
2,4,21,44,49,
1,25,36,39,56,
3,9,12,28,49,
7,28,39,54,57,
1,24,29,49,51,
3,5,25,28,51,
1,4,25,56,58,
6,24,26,43,46,
4,6,21,24,43,
1,19,28,52,59,
5,21,28,54,58,
1,24,43,52,60,
2,23,44,53,56,
6,8,22,43,52,
9,22,29,53,55,
4,30,45,47,53,
4,21,29,45,48,
2,8,25,51,57,
6,27,35,45,48,
7,19,32,41,62,
3,10,12,33,55,
8,10,23,28,55,
1,22,27,44,53,
3,27,43,58,60,
5,7,22,45,49,
3,30,42,46,57,
10,24,47,53,55,
2,5,22,41,46,
6,21,29,52,54,
2,25,30,41,55,
5,10,25,30,55,
9,23,47,58,60,
3,6,28,55,69,
10,23,25,52,58,
3,21,24,53,55,
10,22,41,45,54,
10,16,19,43,49,
5,19,35,56,66,
9,30,46,53,56,
10,28,31,43,61,
6,21,24,42,46,
3,9,30,49,57,
9,28,45,49,64,
7,19,38,49,70,
3,9,24,42,53,
8,21,26,44,51,
3,22,28,41,46,
7,23,29,47,52,
3,9,39,42,52,
10,29,36,55,57,
2,22,47,51,54,
1,24,41,46,60,
8,10,23,25,46,
4,24,46,49,52,
6,9,26,29,51,
1,6,24,46,52,
3,5,26,43,55,
6,21,44,46,55,
3,23,28,51,58,
10,22,44,49,57,
8,37,39,60,65,
3,10,21,47,58,
9,26,43,54,56,
3,9,29,52,56,
5,19,22,32,49,
2,9,19,30,35,
3,10,30,51,57,
2,28,37,39,61,
4,8,29,43,50,
1,21,23,48,52,
3,21,23,50,60,
1,30,36,65,69,
1,27,29,47,54,
9,21,27,44,57,
4,26,29,45,57,
1,10,24,46,56,
6,22,47,50,58,
1,25,28,46,56,
5,22,43,46,56,
6,11,28,49,65,
9,24,45,47,60,
2,9,32,53,59,
2,22,43,53,69,
4,9,13,39,66,
5,9,25,54,60,
2,8,30,43,55,
1,23,41,50,58,
1,24,46,51,58,
2,9,25,44,47,
1,4,23,25,48,
9,28,42,47,54,
1,7,25,46,58,
5,10,21,46,54,
7,21,24,51,56,
9,28,41,54,58,
1,6,28,46,54,
2,21,29,44,55,
10,25,43,45,56,
10,15,39,51,62,
2,5,29,44,50,
6,25,29,41,52,
8,21,46,57,60,
3,21,42,52,55,
9,24,41,50,52,
2,5,24,55,57,
2,26,43,55,58,
4,9,24,53,56,
10,13,19,21,34,
3,6,23,29,56,
9,16,27,52,69,
2,23,41,46,58,
2,10,25,47,50,
2,23,46,48,56,
1,6,23,49,58,
6,30,43,52,60,
2,21,27,44,56,
1,10,21,30,45,
1,7,24,51,57,
4,8,30,43,49,
1,26,44,51,60,
1,10,26,41,58,
6,10,24,27,53,
1,4,21,43,58,
9,24,26,41,48,
2,9,29,55,60,
6,9,21,42,44,
6,28,41,54,60,
7,17,26,39,62,
2,23,47,49,58,
5,9,29,52,55,
4,7,32,37,59,
3,19,38,42,65,
6,25,46,49,58,
4,27,30,41,52,
9,21,27,54,57,
2,21,29,46,60,
2,9,23,29,44,
6,29,42,53,60,
9,21,48,53,58,
6,9,30,43,45,
1,25,42,48,57,
1,24,26,47,52,
6,27,30,51,53,
1,8,24,41,60,
9,12,35,55,68,
8,27,37,39,60,
1,4,29,45,55,
2,19,30,41,45,
9,30,43,52,60,
2,21,30,43,50,
4,9,27,30,51,
6,10,35,45,67,
2,13,30,37,45,
1,6,30,53,60,
8,23,29,42,45,
8,25,47,57,60,
6,27,44,49,56,
5,7,22,41,58,
10,41,43,52,58,
9,20,29,36,55,
1,21,42,54,58,
9,20,32,51,67,
1,22,27,51,56,
8,21,47,55,58,
3,9,24,26,41,
3,10,23,25,47,
6,23,28,54,58,
5,8,30,43,60,
6,35,44,49,65,
3,6,27,41,56,
9,26,44,47,57,
5,20,50,55,61,
2,25,27,41,52,
5,23,26,48,57,
2,9,21,30,44,
3,21,27,48,52,
4,6,22,43,46,
3,23,28,52,55,
6,10,25,27,52,
1,3,26,43,54,
4,21,29,41,60,
9,30,47,53,56,
8,29,45,47,51,
10,41,45,55,58,
8,30,41,43,56,
7,12,15,44,51,
6,21,24,42,44,
1,23,47,56,58,
7,28,30,41,45,
8,30,41,51,56,
5,24,26,45,60,
1,23,29,46,56,
2,9,23,29,54,
3,8,23,27,50,
4,8,21,28,43,
2,23,29,54,57,
10,23,30,41,48,
1,30,45,53,58,
3,28,43,49,54,
3,6,30,42,53,
8,23,48,51,57,
3,22,41,53,60,
4,25,39,60,63,
1,30,42,47,58,
3,24,42,47,55,
1,3,26,52,56,
9,24,27,48,60,
8,22,28,45,47,
10,13,22,39,41,
4,13,22,37,51,
4,9,22,43,46,
4,23,25,54,56,
10,23,29,43,54,
1,9,22,45,48,
5,8,27,41,58,
2,10,25,37,45,
6,29,43,48,52,
1,22,25,49,52,
9,26,30,41,58,
6,9,28,55,58,
7,30,43,54,56,
1,10,27,56,61,
6,23,28,54,57,
9,31,42,48,55,
6,9,22,28,49,
6,10,22,27,46,
7,18,25,28,39,
6,25,30,45,49,
8,21,26,41,45,
2,7,34,57,69,
5,21,28,52,54,
2,7,22,29,43,
2,24,46,55,57,
7,9,25,30,60,
7,26,42,48,57,
7,30,45,47,54,
10,15,19,49,66,
6,30,44,47,51,
9,21,28,46,48,
8,26,30,49,57,
4,25,41,46,51,
4,6,27,29,52,
5,22,27,46,49,
1,22,44,49,55,
1,7,25,42,56,
7,25,28,40,69,
2,21,27,44,60,
8,23,45,55,58,
2,24,43,52,57,
5,13,24,32,55,
5,28,44,49,60,
9,27,46,52,58,
5,28,44,48,55,
1,27,42,48,60,
7,10,22,49,57,
1,7,25,52,58,
6,9,24,27,50,
1,6,24,26,55,
5,21,25,48,52,
10,25,44,46,51,
5,8,22,45,55,
1,26,47,54,58,
1,11,32,50,55,
3,6,24,47,52,
1,26,28,42,48,
7,25,47,53,56,
5,25,29,51,56,
2,6,21,30,42,
3,7,23,27,54,
5,20,29,56,65,
10,31,43,49,68,
1,19,32,51,66,
3,21,43,49,58,
6,10,22,46,57,
7,14,22,39,53,
8,25,43,45,51,
5,21,28,45,54,
5,26,45,48,54,
7,9,26,29,44,
9,23,30,42,49,
1,22,29,42,49,
2,23,44,46,57,
5,24,42,54,57,
1,21,48,50,52,
8,24,43,53,60,
1,22,44,52,55,
1,22,47,54,60,
2,17,32,49,67,
8,23,44,51,53,
5,10,21,23,44,
3,5,23,55,58,
8,26,33,51,69,
3,26,46,49,53,
1,25,46,53,57,
1,3,29,42,60,
5,9,23,42,54,
4,19,21,48,51,
1,25,28,47,60,
7,23,30,49,60,
2,23,31,49,66,
9,22,27,52,60,
7,24,27,43,60,
5,24,46,48,53,
9,22,25,49,53,
4,23,30,43,50,
6,8,27,50,53,
7,17,42,52,59,
1,6,24,41,50,
3,9,22,27,53,
5,10,21,46,48,
4,10,21,44,57,
1,8,23,45,56,
7,30,43,47,54,
1,10,22,28,41,
8,27,30,41,57,
6,8,23,50,57,
9,25,42,46,60,
7,29,47,55,60,
1,3,26,50,56,
5,10,22,24,49,
5,24,26,56,60,
9,30,44,49,60,
6,27,31,55,68,
4,23,44,46,57,
9,22,45,51,54,
1,8,21,30,53,
2,21,29,50,56,
1,9,30,53,58,
1,22,26,43,48,
9,19,34,60,69,
2,9,22,41,60,
5,30,41,51,55,
1,24,42,45,54,
3,10,28,47,55,
7,22,43,48,51,
9,24,42,57,60,
1,9,22,26,50,
7,9,21,26,44,
6,30,41,46,60,
10,29,44,51,57,
1,5,22,28,50,
1,27,36,44,53,
4,22,28,47,49,
5,9,28,44,51,
10,17,29,31,52,
10,21,23,41,54,
3,10,21,42,54,
9,21,28,41,58,
6,22,45,53,58,
7,26,34,37,45,
1,28,30,42,47,
6,25,42,51,58,
8,30,41,49,51,
1,22,47,49,58,
5,24,49,52,54,
6,9,22,26,47,
6,24,47,50,54,
3,5,30,45,55,
4,23,30,41,47,
7,30,42,47,57,
8,23,25,55,60,
3,22,43,45,57,
4,9,23,41,44,
9,24,42,50,55,
7,25,43,45,58,
1,10,22,30,43,
6,24,26,45,60,
2,27,30,45,57,
2,23,25,45,58,
6,22,41,53,60,
6,21,42,54,60,
6,9,28,44,49,
5,8,27,51,57,
7,16,19,21,26,
9,28,55,60,67,
2,6,23,30,46,
10,17,31,45,64,
4,6,21,43,54,
3,9,23,28,46,
1,4,27,29,49,
1,24,30,50,55,
4,6,23,25,41,
7,26,30,44,47,
3,23,26,50,60,
1,4,27,44,53,
6,11,20,35,65,
1,6,29,48,50,
4,26,28,54,57,
10,19,35,44,63,
2,21,29,44,52,
7,26,43,62,69,
1,3,21,42,46,
2,6,29,45,49,
5,27,42,44,60,
5,9,27,30,52,
7,10,27,30,47,
4,13,15,22,31,
3,28,43,49,58,
3,7,22,46,57,
5,22,28,47,52,
1,7,29,46,48,
6,30,42,44,57,
1,13,31,56,70,
9,13,32,50,61,
2,17,20,29,53,
8,10,26,53,57,
8,27,49,53,57,
1,24,48,51,60,
8,27,31,41,52,
3,21,24,46,53,
1,6,30,41,50,
7,10,21,47,58,
3,21,47,53,58,
5,28,41,47,58,
7,29,47,55,58,
5,10,25,42,56,
2,23,25,41,52,
5,22,27,46,57,
2,10,29,41,44,